120243880 120243880 120243880 120243880 120243880 120243880 120243880 120243880 120243880 120243880 
141278368 141278368 141278368 141278368 141278368 141278368 141278368 141278368 141278368 141278368 
149797008 149797008 149797008 149797008 149797008 149797008 149797008 149797008 149797008 149797008 
205659628 205659628 205659628 205659628 205659628 205659628 205659628 205659628 205659628 205659628 
143866724 143866724 143866724 143866724 143866724 143866724 143866724 143866724 143866724 143866724 
198484312 198484312 198484312 198484312 198484312 198484312 198484312 198484312 198484312 198484312 
205561336 205561336 205561336 205561336 205561336 205561336 205561336 205561336 205561336 205561336 
102977252 102977252 102977252 102977252 102977252 102977252 102977252 102977252 102977252 102977252 
175090816 175090816 175090816 175090816 175090816 175090816 175090816 175090816 175090816 175090816 
218929048 218929048 218929048 218929048 218929048 218929048 218929048 218929048 218929048 218929048 
