849013532 849013532 849013532 849013532 849013532 849013532 849013532 849013532 849013532 849013532 849013532 849013532 849013532 849013532 849013532 849013532 849013532 849013532 849013532 849013532 849013532 849013532 849013532 849013532 849013532 849013532 849013532 849013532 849013532 849013532 849013532 849013532 849013532 849013532 849013532 849013532 849013532 849013532 849013532 849013532 849013532 849013532 849013532 849013532 849013532 849013532 849013532 849013532 849013532 849013532 
791250600 791250600 791250600 791250600 791250600 791250600 791250600 791250600 791250600 791250600 791250600 791250600 791250600 791250600 791250600 791250600 791250600 791250600 791250600 791250600 791250600 791250600 791250600 791250600 791250600 791250600 791250600 791250600 791250600 791250600 791250600 791250600 791250600 791250600 791250600 791250600 791250600 791250600 791250600 791250600 791250600 791250600 791250600 791250600 791250600 791250600 791250600 791250600 791250600 791250600 
843378124 843378124 843378124 843378124 843378124 843378124 843378124 843378124 843378124 843378124 843378124 843378124 843378124 843378124 843378124 843378124 843378124 843378124 843378124 843378124 843378124 843378124 843378124 843378124 843378124 843378124 843378124 843378124 843378124 843378124 843378124 843378124 843378124 843378124 843378124 843378124 843378124 843378124 843378124 843378124 843378124 843378124 843378124 843378124 843378124 843378124 843378124 843378124 843378124 843378124 
861791492 861791492 861791492 861791492 861791492 861791492 861791492 861791492 861791492 861791492 861791492 861791492 861791492 861791492 861791492 861791492 861791492 861791492 861791492 861791492 861791492 861791492 861791492 861791492 861791492 861791492 861791492 861791492 861791492 861791492 861791492 861791492 861791492 861791492 861791492 861791492 861791492 861791492 861791492 861791492 861791492 861791492 861791492 861791492 861791492 861791492 861791492 861791492 861791492 861791492 
776703384 776703384 776703384 776703384 776703384 776703384 776703384 776703384 776703384 776703384 776703384 776703384 776703384 776703384 776703384 776703384 776703384 776703384 776703384 776703384 776703384 776703384 776703384 776703384 776703384 776703384 776703384 776703384 776703384 776703384 776703384 776703384 776703384 776703384 776703384 776703384 776703384 776703384 776703384 776703384 776703384 776703384 776703384 776703384 776703384 776703384 776703384 776703384 776703384 776703384 
795247808 795247808 795247808 795247808 795247808 795247808 795247808 795247808 795247808 795247808 795247808 795247808 795247808 795247808 795247808 795247808 795247808 795247808 795247808 795247808 795247808 795247808 795247808 795247808 795247808 795247808 795247808 795247808 795247808 795247808 795247808 795247808 795247808 795247808 795247808 795247808 795247808 795247808 795247808 795247808 795247808 795247808 795247808 795247808 795247808 795247808 795247808 795247808 795247808 795247808 
799441600 799441600 799441600 799441600 799441600 799441600 799441600 799441600 799441600 799441600 799441600 799441600 799441600 799441600 799441600 799441600 799441600 799441600 799441600 799441600 799441600 799441600 799441600 799441600 799441600 799441600 799441600 799441600 799441600 799441600 799441600 799441600 799441600 799441600 799441600 799441600 799441600 799441600 799441600 799441600 799441600 799441600 799441600 799441600 799441600 799441600 799441600 799441600 799441600 799441600 
816380588 816380588 816380588 816380588 816380588 816380588 816380588 816380588 816380588 816380588 816380588 816380588 816380588 816380588 816380588 816380588 816380588 816380588 816380588 816380588 816380588 816380588 816380588 816380588 816380588 816380588 816380588 816380588 816380588 816380588 816380588 816380588 816380588 816380588 816380588 816380588 816380588 816380588 816380588 816380588 816380588 816380588 816380588 816380588 816380588 816380588 816380588 816380588 816380588 816380588 
908742304 908742304 908742304 908742304 908742304 908742304 908742304 908742304 908742304 908742304 908742304 908742304 908742304 908742304 908742304 908742304 908742304 908742304 908742304 908742304 908742304 908742304 908742304 908742304 908742304 908742304 908742304 908742304 908742304 908742304 908742304 908742304 908742304 908742304 908742304 908742304 908742304 908742304 908742304 908742304 908742304 908742304 908742304 908742304 908742304 908742304 908742304 908742304 908742304 908742304 
849537756 849537756 849537756 849537756 849537756 849537756 849537756 849537756 849537756 849537756 849537756 849537756 849537756 849537756 849537756 849537756 849537756 849537756 849537756 849537756 849537756 849537756 849537756 849537756 849537756 849537756 849537756 849537756 849537756 849537756 849537756 849537756 849537756 849537756 849537756 849537756 849537756 849537756 849537756 849537756 849537756 849537756 849537756 849537756 849537756 849537756 849537756 849537756 849537756 849537756 
857335588 857335588 857335588 857335588 857335588 857335588 857335588 857335588 857335588 857335588 857335588 857335588 857335588 857335588 857335588 857335588 857335588 857335588 857335588 857335588 857335588 857335588 857335588 857335588 857335588 857335588 857335588 857335588 857335588 857335588 857335588 857335588 857335588 857335588 857335588 857335588 857335588 857335588 857335588 857335588 857335588 857335588 857335588 857335588 857335588 857335588 857335588 857335588 857335588 857335588 
769560832 769560832 769560832 769560832 769560832 769560832 769560832 769560832 769560832 769560832 769560832 769560832 769560832 769560832 769560832 769560832 769560832 769560832 769560832 769560832 769560832 769560832 769560832 769560832 769560832 769560832 769560832 769560832 769560832 769560832 769560832 769560832 769560832 769560832 769560832 769560832 769560832 769560832 769560832 769560832 769560832 769560832 769560832 769560832 769560832 769560832 769560832 769560832 769560832 769560832 
748591872 748591872 748591872 748591872 748591872 748591872 748591872 748591872 748591872 748591872 748591872 748591872 748591872 748591872 748591872 748591872 748591872 748591872 748591872 748591872 748591872 748591872 748591872 748591872 748591872 748591872 748591872 748591872 748591872 748591872 748591872 748591872 748591872 748591872 748591872 748591872 748591872 748591872 748591872 748591872 748591872 748591872 748591872 748591872 748591872 748591872 748591872 748591872 748591872 748591872 
751737216 751737216 751737216 751737216 751737216 751737216 751737216 751737216 751737216 751737216 751737216 751737216 751737216 751737216 751737216 751737216 751737216 751737216 751737216 751737216 751737216 751737216 751737216 751737216 751737216 751737216 751737216 751737216 751737216 751737216 751737216 751737216 751737216 751737216 751737216 751737216 751737216 751737216 751737216 751737216 751737216 751737216 751737216 751737216 751737216 751737216 751737216 751737216 751737216 751737216 
758388308 758388308 758388308 758388308 758388308 758388308 758388308 758388308 758388308 758388308 758388308 758388308 758388308 758388308 758388308 758388308 758388308 758388308 758388308 758388308 758388308 758388308 758388308 758388308 758388308 758388308 758388308 758388308 758388308 758388308 758388308 758388308 758388308 758388308 758388308 758388308 758388308 758388308 758388308 758388308 758388308 758388308 758388308 758388308 758388308 758388308 758388308 758388308 758388308 758388308 
720414832 720414832 720414832 720414832 720414832 720414832 720414832 720414832 720414832 720414832 720414832 720414832 720414832 720414832 720414832 720414832 720414832 720414832 720414832 720414832 720414832 720414832 720414832 720414832 720414832 720414832 720414832 720414832 720414832 720414832 720414832 720414832 720414832 720414832 720414832 720414832 720414832 720414832 720414832 720414832 720414832 720414832 720414832 720414832 720414832 720414832 720414832 720414832 720414832 720414832 
810352012 810352012 810352012 810352012 810352012 810352012 810352012 810352012 810352012 810352012 810352012 810352012 810352012 810352012 810352012 810352012 810352012 810352012 810352012 810352012 810352012 810352012 810352012 810352012 810352012 810352012 810352012 810352012 810352012 810352012 810352012 810352012 810352012 810352012 810352012 810352012 810352012 810352012 810352012 810352012 810352012 810352012 810352012 810352012 810352012 810352012 810352012 810352012 810352012 810352012 
768840024 768840024 768840024 768840024 768840024 768840024 768840024 768840024 768840024 768840024 768840024 768840024 768840024 768840024 768840024 768840024 768840024 768840024 768840024 768840024 768840024 768840024 768840024 768840024 768840024 768840024 768840024 768840024 768840024 768840024 768840024 768840024 768840024 768840024 768840024 768840024 768840024 768840024 768840024 768840024 768840024 768840024 768840024 768840024 768840024 768840024 768840024 768840024 768840024 768840024 
757634736 757634736 757634736 757634736 757634736 757634736 757634736 757634736 757634736 757634736 757634736 757634736 757634736 757634736 757634736 757634736 757634736 757634736 757634736 757634736 757634736 757634736 757634736 757634736 757634736 757634736 757634736 757634736 757634736 757634736 757634736 757634736 757634736 757634736 757634736 757634736 757634736 757634736 757634736 757634736 757634736 757634736 757634736 757634736 757634736 757634736 757634736 757634736 757634736 757634736 
877747560 877747560 877747560 877747560 877747560 877747560 877747560 877747560 877747560 877747560 877747560 877747560 877747560 877747560 877747560 877747560 877747560 877747560 877747560 877747560 877747560 877747560 877747560 877747560 877747560 877747560 877747560 877747560 877747560 877747560 877747560 877747560 877747560 877747560 877747560 877747560 877747560 877747560 877747560 877747560 877747560 877747560 877747560 877747560 877747560 877747560 877747560 877747560 877747560 877747560 
751049172 751049172 751049172 751049172 751049172 751049172 751049172 751049172 751049172 751049172 751049172 751049172 751049172 751049172 751049172 751049172 751049172 751049172 751049172 751049172 751049172 751049172 751049172 751049172 751049172 751049172 751049172 751049172 751049172 751049172 751049172 751049172 751049172 751049172 751049172 751049172 751049172 751049172 751049172 751049172 751049172 751049172 751049172 751049172 751049172 751049172 751049172 751049172 751049172 751049172 
806420332 806420332 806420332 806420332 806420332 806420332 806420332 806420332 806420332 806420332 806420332 806420332 806420332 806420332 806420332 806420332 806420332 806420332 806420332 806420332 806420332 806420332 806420332 806420332 806420332 806420332 806420332 806420332 806420332 806420332 806420332 806420332 806420332 806420332 806420332 806420332 806420332 806420332 806420332 806420332 806420332 806420332 806420332 806420332 806420332 806420332 806420332 806420332 806420332 806420332 
731652884 731652884 731652884 731652884 731652884 731652884 731652884 731652884 731652884 731652884 731652884 731652884 731652884 731652884 731652884 731652884 731652884 731652884 731652884 731652884 731652884 731652884 731652884 731652884 731652884 731652884 731652884 731652884 731652884 731652884 731652884 731652884 731652884 731652884 731652884 731652884 731652884 731652884 731652884 731652884 731652884 731652884 731652884 731652884 731652884 731652884 731652884 731652884 731652884 731652884 
909987336 909987336 909987336 909987336 909987336 909987336 909987336 909987336 909987336 909987336 909987336 909987336 909987336 909987336 909987336 909987336 909987336 909987336 909987336 909987336 909987336 909987336 909987336 909987336 909987336 909987336 909987336 909987336 909987336 909987336 909987336 909987336 909987336 909987336 909987336 909987336 909987336 909987336 909987336 909987336 909987336 909987336 909987336 909987336 909987336 909987336 909987336 909987336 909987336 909987336 
737255528 737255528 737255528 737255528 737255528 737255528 737255528 737255528 737255528 737255528 737255528 737255528 737255528 737255528 737255528 737255528 737255528 737255528 737255528 737255528 737255528 737255528 737255528 737255528 737255528 737255528 737255528 737255528 737255528 737255528 737255528 737255528 737255528 737255528 737255528 737255528 737255528 737255528 737255528 737255528 737255528 737255528 737255528 737255528 737255528 737255528 737255528 737255528 737255528 737255528 
848227196 848227196 848227196 848227196 848227196 848227196 848227196 848227196 848227196 848227196 848227196 848227196 848227196 848227196 848227196 848227196 848227196 848227196 848227196 848227196 848227196 848227196 848227196 848227196 848227196 848227196 848227196 848227196 848227196 848227196 848227196 848227196 848227196 848227196 848227196 848227196 848227196 848227196 848227196 848227196 848227196 848227196 848227196 848227196 848227196 848227196 848227196 848227196 848227196 848227196 
856516488 856516488 856516488 856516488 856516488 856516488 856516488 856516488 856516488 856516488 856516488 856516488 856516488 856516488 856516488 856516488 856516488 856516488 856516488 856516488 856516488 856516488 856516488 856516488 856516488 856516488 856516488 856516488 856516488 856516488 856516488 856516488 856516488 856516488 856516488 856516488 856516488 856516488 856516488 856516488 856516488 856516488 856516488 856516488 856516488 856516488 856516488 856516488 856516488 856516488 
804814896 804814896 804814896 804814896 804814896 804814896 804814896 804814896 804814896 804814896 804814896 804814896 804814896 804814896 804814896 804814896 804814896 804814896 804814896 804814896 804814896 804814896 804814896 804814896 804814896 804814896 804814896 804814896 804814896 804814896 804814896 804814896 804814896 804814896 804814896 804814896 804814896 804814896 804814896 804814896 804814896 804814896 804814896 804814896 804814896 804814896 804814896 804814896 804814896 804814896 
816347824 816347824 816347824 816347824 816347824 816347824 816347824 816347824 816347824 816347824 816347824 816347824 816347824 816347824 816347824 816347824 816347824 816347824 816347824 816347824 816347824 816347824 816347824 816347824 816347824 816347824 816347824 816347824 816347824 816347824 816347824 816347824 816347824 816347824 816347824 816347824 816347824 816347824 816347824 816347824 816347824 816347824 816347824 816347824 816347824 816347824 816347824 816347824 816347824 816347824 
863069288 863069288 863069288 863069288 863069288 863069288 863069288 863069288 863069288 863069288 863069288 863069288 863069288 863069288 863069288 863069288 863069288 863069288 863069288 863069288 863069288 863069288 863069288 863069288 863069288 863069288 863069288 863069288 863069288 863069288 863069288 863069288 863069288 863069288 863069288 863069288 863069288 863069288 863069288 863069288 863069288 863069288 863069288 863069288 863069288 863069288 863069288 863069288 863069288 863069288 
811302168 811302168 811302168 811302168 811302168 811302168 811302168 811302168 811302168 811302168 811302168 811302168 811302168 811302168 811302168 811302168 811302168 811302168 811302168 811302168 811302168 811302168 811302168 811302168 811302168 811302168 811302168 811302168 811302168 811302168 811302168 811302168 811302168 811302168 811302168 811302168 811302168 811302168 811302168 811302168 811302168 811302168 811302168 811302168 811302168 811302168 811302168 811302168 811302168 811302168 
694727856 694727856 694727856 694727856 694727856 694727856 694727856 694727856 694727856 694727856 694727856 694727856 694727856 694727856 694727856 694727856 694727856 694727856 694727856 694727856 694727856 694727856 694727856 694727856 694727856 694727856 694727856 694727856 694727856 694727856 694727856 694727856 694727856 694727856 694727856 694727856 694727856 694727856 694727856 694727856 694727856 694727856 694727856 694727856 694727856 694727856 694727856 694727856 694727856 694727856 
883743372 883743372 883743372 883743372 883743372 883743372 883743372 883743372 883743372 883743372 883743372 883743372 883743372 883743372 883743372 883743372 883743372 883743372 883743372 883743372 883743372 883743372 883743372 883743372 883743372 883743372 883743372 883743372 883743372 883743372 883743372 883743372 883743372 883743372 883743372 883743372 883743372 883743372 883743372 883743372 883743372 883743372 883743372 883743372 883743372 883743372 883743372 883743372 883743372 883743372 
939737048 939737048 939737048 939737048 939737048 939737048 939737048 939737048 939737048 939737048 939737048 939737048 939737048 939737048 939737048 939737048 939737048 939737048 939737048 939737048 939737048 939737048 939737048 939737048 939737048 939737048 939737048 939737048 939737048 939737048 939737048 939737048 939737048 939737048 939737048 939737048 939737048 939737048 939737048 939737048 939737048 939737048 939737048 939737048 939737048 939737048 939737048 939737048 939737048 939737048 
771297324 771297324 771297324 771297324 771297324 771297324 771297324 771297324 771297324 771297324 771297324 771297324 771297324 771297324 771297324 771297324 771297324 771297324 771297324 771297324 771297324 771297324 771297324 771297324 771297324 771297324 771297324 771297324 771297324 771297324 771297324 771297324 771297324 771297324 771297324 771297324 771297324 771297324 771297324 771297324 771297324 771297324 771297324 771297324 771297324 771297324 771297324 771297324 771297324 771297324 
716778028 716778028 716778028 716778028 716778028 716778028 716778028 716778028 716778028 716778028 716778028 716778028 716778028 716778028 716778028 716778028 716778028 716778028 716778028 716778028 716778028 716778028 716778028 716778028 716778028 716778028 716778028 716778028 716778028 716778028 716778028 716778028 716778028 716778028 716778028 716778028 716778028 716778028 716778028 716778028 716778028 716778028 716778028 716778028 716778028 716778028 716778028 716778028 716778028 716778028 
820017392 820017392 820017392 820017392 820017392 820017392 820017392 820017392 820017392 820017392 820017392 820017392 820017392 820017392 820017392 820017392 820017392 820017392 820017392 820017392 820017392 820017392 820017392 820017392 820017392 820017392 820017392 820017392 820017392 820017392 820017392 820017392 820017392 820017392 820017392 820017392 820017392 820017392 820017392 820017392 820017392 820017392 820017392 820017392 820017392 820017392 820017392 820017392 820017392 820017392 
783518296 783518296 783518296 783518296 783518296 783518296 783518296 783518296 783518296 783518296 783518296 783518296 783518296 783518296 783518296 783518296 783518296 783518296 783518296 783518296 783518296 783518296 783518296 783518296 783518296 783518296 783518296 783518296 783518296 783518296 783518296 783518296 783518296 783518296 783518296 783518296 783518296 783518296 783518296 783518296 783518296 783518296 783518296 783518296 783518296 783518296 783518296 783518296 783518296 783518296 
695678012 695678012 695678012 695678012 695678012 695678012 695678012 695678012 695678012 695678012 695678012 695678012 695678012 695678012 695678012 695678012 695678012 695678012 695678012 695678012 695678012 695678012 695678012 695678012 695678012 695678012 695678012 695678012 695678012 695678012 695678012 695678012 695678012 695678012 695678012 695678012 695678012 695678012 695678012 695678012 695678012 695678012 695678012 695678012 695678012 695678012 695678012 695678012 695678012 695678012 
921880668 921880668 921880668 921880668 921880668 921880668 921880668 921880668 921880668 921880668 921880668 921880668 921880668 921880668 921880668 921880668 921880668 921880668 921880668 921880668 921880668 921880668 921880668 921880668 921880668 921880668 921880668 921880668 921880668 921880668 921880668 921880668 921880668 921880668 921880668 921880668 921880668 921880668 921880668 921880668 921880668 921880668 921880668 921880668 921880668 921880668 921880668 921880668 921880668 921880668 
875060912 875060912 875060912 875060912 875060912 875060912 875060912 875060912 875060912 875060912 875060912 875060912 875060912 875060912 875060912 875060912 875060912 875060912 875060912 875060912 875060912 875060912 875060912 875060912 875060912 875060912 875060912 875060912 875060912 875060912 875060912 875060912 875060912 875060912 875060912 875060912 875060912 875060912 875060912 875060912 875060912 875060912 875060912 875060912 875060912 875060912 875060912 875060912 875060912 875060912 
911134076 911134076 911134076 911134076 911134076 911134076 911134076 911134076 911134076 911134076 911134076 911134076 911134076 911134076 911134076 911134076 911134076 911134076 911134076 911134076 911134076 911134076 911134076 911134076 911134076 911134076 911134076 911134076 911134076 911134076 911134076 911134076 911134076 911134076 911134076 911134076 911134076 911134076 911134076 911134076 911134076 911134076 911134076 911134076 911134076 911134076 911134076 911134076 911134076 911134076 
834925012 834925012 834925012 834925012 834925012 834925012 834925012 834925012 834925012 834925012 834925012 834925012 834925012 834925012 834925012 834925012 834925012 834925012 834925012 834925012 834925012 834925012 834925012 834925012 834925012 834925012 834925012 834925012 834925012 834925012 834925012 834925012 834925012 834925012 834925012 834925012 834925012 834925012 834925012 834925012 834925012 834925012 834925012 834925012 834925012 834925012 834925012 834925012 834925012 834925012 
699970096 699970096 699970096 699970096 699970096 699970096 699970096 699970096 699970096 699970096 699970096 699970096 699970096 699970096 699970096 699970096 699970096 699970096 699970096 699970096 699970096 699970096 699970096 699970096 699970096 699970096 699970096 699970096 699970096 699970096 699970096 699970096 699970096 699970096 699970096 699970096 699970096 699970096 699970096 699970096 699970096 699970096 699970096 699970096 699970096 699970096 699970096 699970096 699970096 699970096 
866345688 866345688 866345688 866345688 866345688 866345688 866345688 866345688 866345688 866345688 866345688 866345688 866345688 866345688 866345688 866345688 866345688 866345688 866345688 866345688 866345688 866345688 866345688 866345688 866345688 866345688 866345688 866345688 866345688 866345688 866345688 866345688 866345688 866345688 866345688 866345688 866345688 866345688 866345688 866345688 866345688 866345688 866345688 866345688 866345688 866345688 866345688 866345688 866345688 866345688 
732308164 732308164 732308164 732308164 732308164 732308164 732308164 732308164 732308164 732308164 732308164 732308164 732308164 732308164 732308164 732308164 732308164 732308164 732308164 732308164 732308164 732308164 732308164 732308164 732308164 732308164 732308164 732308164 732308164 732308164 732308164 732308164 732308164 732308164 732308164 732308164 732308164 732308164 732308164 732308164 732308164 732308164 732308164 732308164 732308164 732308164 732308164 732308164 732308164 732308164 
844655920 844655920 844655920 844655920 844655920 844655920 844655920 844655920 844655920 844655920 844655920 844655920 844655920 844655920 844655920 844655920 844655920 844655920 844655920 844655920 844655920 844655920 844655920 844655920 844655920 844655920 844655920 844655920 844655920 844655920 844655920 844655920 844655920 844655920 844655920 844655920 844655920 844655920 844655920 844655920 844655920 844655920 844655920 844655920 844655920 844655920 844655920 844655920 844655920 844655920 
781093760 781093760 781093760 781093760 781093760 781093760 781093760 781093760 781093760 781093760 781093760 781093760 781093760 781093760 781093760 781093760 781093760 781093760 781093760 781093760 781093760 781093760 781093760 781093760 781093760 781093760 781093760 781093760 781093760 781093760 781093760 781093760 781093760 781093760 781093760 781093760 781093760 781093760 781093760 781093760 781093760 781093760 781093760 781093760 781093760 781093760 781093760 781093760 781093760 781093760 
841412284 841412284 841412284 841412284 841412284 841412284 841412284 841412284 841412284 841412284 841412284 841412284 841412284 841412284 841412284 841412284 841412284 841412284 841412284 841412284 841412284 841412284 841412284 841412284 841412284 841412284 841412284 841412284 841412284 841412284 841412284 841412284 841412284 841412284 841412284 841412284 841412284 841412284 841412284 841412284 841412284 841412284 841412284 841412284 841412284 841412284 841412284 841412284 841412284 841412284 
840855296 840855296 840855296 840855296 840855296 840855296 840855296 840855296 840855296 840855296 840855296 840855296 840855296 840855296 840855296 840855296 840855296 840855296 840855296 840855296 840855296 840855296 840855296 840855296 840855296 840855296 840855296 840855296 840855296 840855296 840855296 840855296 840855296 840855296 840855296 840855296 840855296 840855296 840855296 840855296 840855296 840855296 840855296 840855296 840855296 840855296 840855296 840855296 840855296 840855296 
