100 5
138 678 487 417 854 421 575 701 96 922 354 741 112 109 306 660 617 963 439 597 471 416 507 928 462 393 470 676 284 768 614 167 272 467 818 858 986 974 598 145 84 968 361 105 610 308 237 610 398 10 399 703 631 653 640 419 411 13 707 47 371 376 632 834 46 84 944 144 568 993 778 70 76 573 525 588 208 71 119 555 112 872 62 722 750 159 533 676 456 780 657 732 450 967 517 380 742 882 538 378 
481 796 739 492 143 871 472 741 442 981 393 440 351 663 429 309 746 669 563 226 668 133 890 988 945 693 540 646 567 123 160 72 611 608 144 452 126 144 712 525 161 222 465 697 940 637 620 833 549 289 378 390 47 495 556 942 361 3 247 495 425 825 490 612 464 414 91 781 952 191 110 4 987 274 943 853 862 268 875 997 398 954 58 743 522 740 232 667 977 479 148 512 149 451 328 323 552 100 946 337 
549 492 114 721 627 521 13 621 29 10 785 450 382 200 259 886 947 723 309 338 153 3 260 377 961 680 593 408 465 84 814 461 238 743 363 788 94 643 57 808 514 769 600 944 828 395 532 979 413 980 837 76 562 285 335 489 88 874 790 936 573 916 302 59 33 856 779 263 414 384 196 711 620 896 614 406 912 739 774 901 93 31 214 105 115 175 860 272 375 680 79 694 324 214 756 59 113 423 240 72 
226 624 287 418 43 495 316 941 354 497 777 92 933 612 425 56 108 280 365 480 600 354 972 568 708 657 486 877 347 324 907 319 946 307 455 504 640 350 9 988 419 531 909 249 732 140 646 738 846 111 808 582 2 440 101 86 799 60 78 255 305 47 364 749 767 441 799 873 265 693 655 164 682 74 201 860 522 781 101 598 480 478 654 845 982 930 217 953 676 537 618 660 946 369 547 745 728 403 917 918 
633 740 796 260 31 422 495 132 264 616 902 188 634 788 639 787 867 728 425 281 500 31 394 346 926 512 975 100 414 399 147 55 685 923 98 941 667 168 829 138 541 477 48 774 84 281 466 488 913 26 718 285 742 854 200 362 366 381 361 478 719 703 327 723 759 122 343 511 797 806 284 133 938 413 124 490 847 797 345 517 840 160 437 358 186 382 98 243 241 865 465 718 549 185 266 155 118 665 971 681 
245 362 604 702 429 614 370 344 18 8 218 234 993 218 49 299 624 591 122 853 759 66 703 69 424 551 43 838 26 632 240 339 612 995 341 685 920 330 610 289 238 882 998 22 179 969 905 781 465 521 38 10 825 770 75 882 870 103 708 517 68 16 292 710 41 392 14 945 10 952 788 149 226 291 637 522 366 931 172 420 356 812 887 624 966 280 469 222 265 979 811 264 595 791 393 730 988 147 416 139 
460 87 735 387 710 636 287 165 987 537 443 167 562 705 908 559 174 43 660 488 760 610 409 870 351 919 157 438 222 147 771 642 493 97 404 644 266 915 140 640 633 972 662 150 121 734 615 776 370 261 9 257 52 100 758 687 777 270 89 51 590 344 343 927 957 253 563 199 15 497 587 194 56 99 357 674 387 572 254 187 401 813 996 513 684 777 154 557 704 470 276 657 180 826 132 185 701 579 404 205 
852 815 757 564 705 765 944 915 488 188 578 31 43 99 221 879 440 409 93 877 196 822 0 287 928 745 106 633 196 779 471 757 521 595 818 510 723 36 494 920 398 916 539 804 0 663 172 620 720 292 878 538 710 381 51 77 315 317 272 814 842 541 660 56 543 239 138 583 182 655 128 450 871 390 129 28 905 33 688 639 469 554 710 986 397 117 414 340 900 894 303 225 271 233 754 710 517 905 821 591 
779 581 390 369 739 609 76 244 317 721 962 785 638 459 365 925 105 749 425 492 20 356 215 690 508 743 122 270 51 123 778 136 209 528 640 180 840 404 307 487 493 919 74 9 796 31 587 548 307 677 772 660 321 719 920 520 504 335 788 392 602 252 586 71 560 119 662 331 632 673 791 883 615 803 224 904 517 966 88 142 705 285 263 77 229 295 370 820 140 793 128 605 936 484 93 279 616 962 823 375 
578 447 232 512 262 998 964 774 228 721 83 485 933 405 593 383 784 533 20 717 758 118 637 917 64 379 651 198 90 881 612 40 455 518 534 783 471 342 965 258 590 886 62 838 15 85 811 625 33 639 295 596 328 988 165 904 143 256 348 220 621 149 870 693 118 582 641 592 212 356 21 404 653 887 943 796 438 589 317 259 104 495 355 400 50 68 446 852 39 109 7 834 242 252 90 575 967 399 464 626 
380 81 810 437 472 674 455 436 618 861 399 846 901 739 632 794 514 703 801 388 999 458 190 248 751 895 355 869 178 793 188 830 799 235 829 453 647 873 293 401 363 598 233 890 409 149 526 770 10 987 974 846 512 189 959 997 270 230 864 400 8 956 429 939 222 988 229 723 858 634 355 817 714 942 42 766 154 331 172 39 522 698 524 666 680 487 883 569 455 626 472 96 24 144 611 714 560 491 52 392 
98 711 343 836 870 486 243 259 747 959 980 641 192 827 901 698 385 440 497 550 48 665 852 828 339 213 358 170 957 575 384 244 135 455 162 171 423 807 68 560 33 536 92 105 94 349 903 195 51 664 843 474 795 381 564 876 607 852 797 348 181 826 506 6 815 282 988 254 966 159 173 502 478 934 853 983 459 922 987 824 413 608 695 741 832 556 288 857 566 579 562 848 697 275 746 510 764 208 197 844 
714 784 494 324 857 89 414 619 752 185 425 350 519 854 567 168 221 888 824 99 496 748 251 989 432 634 624 765 453 81 205 190 579 369 158 371 419 769 593 611 596 226 377 256 729 284 240 202 492 288 323 33 451 541 737 651 707 367 708 651 363 581 627 563 170 585 647 931 331 342 548 354 7 581 658 356 180 376 469 708 797 419 826 36 337 512 860 972 769 386 221 223 52 220 352 796 254 786 23 699 
465 8 568 494 233 538 134 642 855 444 741 414 518 859 957 356 602 275 963 109 330 283 741 178 395 878 4 672 527 307 7 476 541 799 517 471 147 297 91 283 978 631 815 535 201 167 764 112 468 512 360 17 726 170 730 83 37 731 943 840 613 932 670 5 360 579 995 215 620 578 634 551 389 680 653 544 317 119 343 368 9 38 169 670 294 303 236 219 708 555 265 900 601 661 438 135 729 813 34 443 
917 478 291 893 473 401 485 704 499 707 213 829 72 197 407 764 993 227 965 434 679 727 569 243 970 710 389 889 536 795 705 437 692 147 173 630 389 201 48 304 610 835 248 71 50 469 666 860 712 860 204 519 534 685 193 54 897 743 189 932 446 118 817 197 604 882 514 25 610 88 277 888 138 695 902 77 182 630 505 702 337 411 360 674 170 471 975 540 717 640 620 335 738 47 682 283 930 964 896 679 
455 366 382 327 35 623 288 8 716 592 686 593 846 233 730 741 258 955 723 398 230 497 354 580 932 604 580 742 184 655 560 136 484 475 73 677 414 708 869 663 748 795 7 398 447 196 962 661 782 75 519 115 396 627 649 248 397 415 295 414 501 365 330 347 105 151 263 860 850 716 999 179 383 47 5 700 506 86 592 861 807 901 410 740 104 556 647 869 508 471 346 700 481 20 149 600 271 498 136 745 
543 168 844 940 804 988 184 876 857 438 971 330 940 803 715 272 169 726 382 843 257 828 759 952 652 766 619 664 477 917 380 535 926 497 997 665 276 858 320 325 723 235 645 775 565 748 187 809 335 327 700 977 413 605 524 81 703 658 154 643 532 406 882 915 822 885 634 714 302 194 924 472 25 143 204 2 914 536 154 164 43 537 874 720 751 60 906 560 786 504 59 816 322 102 804 600 751 198 819 392 
770 666 477 765 842 809 897 995 764 567 608 947 892 442 991 464 431 976 136 812 443 560 526 104 745 134 808 92 930 283 200 875 40 475 732 675 718 633 324 379 899 537 581 558 946 884 797 168 389 41 720 590 916 529 563 835 545 68 527 919 734 203 80 746 857 726 639 699 358 391 972 650 485 510 840 884 894 614 618 736 338 471 360 133 372 101 833 975 472 466 329 866 467 704 116 694 204 818 958 356 
624 147 147 247 932 150 122 606 655 135 439 249 301 850 801 474 444 180 889 135 128 790 853 509 594 513 316 887 913 214 651 423 615 877 343 251 727 417 435 196 309 401 828 891 919 826 987 437 850 580 332 97 889 802 477 679 577 806 576 828 360 516 412 235 48 541 873 846 902 407 755 613 96 579 473 253 303 880 134 565 617 870 184 750 209 629 775 233 739 975 144 429 698 387 674 617 109 547 169 158 
570 744 562 609 953 285 950 568 413 626 426 731 86 834 821 693 90 927 364 818 93 628 155 779 159 554 677 184 141 287 550 958 618 421 839 961 511 119 186 12 753 209 550 62 835 704 509 95 75 24 828 107 889 357 331 70 285 115 557 809 952 602 690 420 15 28 307 469 331 361 998 95 908 374 699 175 367 161 558 603 21 8 23 492 230 898 814 205 934 997 26 156 975 10 611 57 503 223 886 956 
596 43 18 276 469 231 33 13 882 867 473 970 327 103 4 228 685 507 797 425 969 960 227 680 105 553 762 628 908 724 304 503 258 110 302 649 108 190 216 777 437 936 111 587 241 829 868 755 748 888 127 377 103 60 578 558 702 181 871 694 829 157 489 981 125 488 490 183 810 25 184 155 623 694 909 23 251 74 143 610 381 194 6 654 822 26 997 525 983 600 626 294 715 904 641 287 470 322 109 21 
102 810 536 162 120 919 198 718 462 790 397 49 400 559 288 720 464 344 373 342 627 656 762 573 789 487 159 573 492 973 40 948 56 752 218 302 841 370 424 287 217 529 166 119 83 32 878 142 373 103 329 256 10 487 441 82 51 257 484 782 319 247 283 387 592 587 68 105 857 254 157 987 476 676 258 429 944 182 872 200 972 759 995 612 437 908 101 14 886 862 488 650 240 170 958 939 639 954 735 656 
936 229 315 945 976 445 448 539 583 24 414 815 229 833 769 938 603 183 911 737 149 86 619 867 6 980 537 75 436 23 835 766 238 934 707 234 764 653 249 568 598 485 840 779 424 675 484 857 900 560 319 954 312 9 988 214 529 599 147 676 304 329 719 33 156 457 492 29 433 181 677 196 215 15 765 523 382 471 12 482 952 199 196 617 855 79 981 734 650 466 734 262 338 472 244 617 473 870 952 683 
885 507 484 56 657 741 998 424 238 771 961 716 472 316 232 480 339 576 252 953 136 165 664 992 714 653 771 167 902 157 485 188 338 945 926 108 773 774 931 730 440 425 906 952 939 967 769 4 635 76 890 959 451 799 122 971 384 670 858 587 618 286 844 943 783 406 762 567 338 140 76 328 980 648 929 373 690 32 504 760 160 291 23 633 219 386 179 406 149 620 337 108 189 977 437 988 61 97 185 674 
592 150 297 514 163 719 844 724 292 535 21 258 872 998 515 807 761 693 797 914 48 735 314 682 647 862 488 5 787 364 195 924 936 260 113 993 837 520 508 236 473 716 720 882 45 571 429 408 556 168 750 518 738 776 555 55 417 790 109 79 889 846 760 606 696 910 398 341 160 994 441 398 889 800 424 425 263 683 638 84 549 243 472 883 649 637 638 529 386 591 67 941 840 551 584 32 131 524 606 309 
606 685 971 258 125 689 542 551 421 375 214 45 75 31 513 312 759 48 873 360 602 779 947 493 190 783 874 305 190 671 850 290 190 505 625 351 460 809 371 99 422 285 965 520 166 394 777 287 892 263 540 901 42 848 221 743 270 750 808 249 755 973 593 315 473 894 436 542 566 726 556 550 557 119 971 232 782 645 290 925 646 212 657 223 377 744 713 644 717 652 600 249 865 431 421 825 93 660 940 414 
348 994 868 791 583 644 279 459 580 776 194 220 399 349 511 191 439 393 135 252 253 361 899 713 488 798 36 900 5 444 409 344 101 379 426 351 646 531 443 737 607 764 987 340 374 732 357 693 757 173 550 566 373 46 393 840 57 40 263 27 398 716 851 499 49 867 5 165 362 214 517 627 375 567 819 92 108 248 724 408 786 139 143 458 885 705 737 783 163 575 510 334 850 549 777 768 880 657 966 42 
193 492 758 713 557 59 659 925 144 385 108 505 910 866 987 442 142 171 860 789 558 265 609 358 944 80 437 135 443 397 557 198 453 533 230 602 288 863 130 695 106 695 973 711 674 76 735 204 343 645 123 363 691 960 976 275 344 43 45 303 978 415 378 24 157 33 660 927 328 50 210 665 931 98 590 475 316 776 934 304 928 389 924 265 705 723 378 900 491 8 858 1 723 327 149 785 474 56 586 111 
902 142 761 971 865 810 433 573 775 350 247 711 954 501 167 278 904 297 240 994 904 141 100 284 312 893 941 152 810 498 742 67 161 642 464 926 167 183 940 804 144 470 689 568 484 908 958 979 520 644 570 885 415 908 962 161 536 89 251 670 656 87 137 498 953 734 655 482 706 97 360 688 681 720 397 357 430 905 671 967 482 475 264 380 97 907 677 967 419 411 623 594 809 151 515 133 750 353 558 462 
132 800 372 306 641 901 627 499 713 86 652 331 878 414 338 623 172 804 678 759 378 499 257 517 847 851 587 724 257 349 445 635 868 373 930 530 368 563 755 828 332 410 747 486 490 837 623 703 107 326 667 688 988 977 473 438 193 641 571 46 105 89 547 640 186 494 720 719 207 403 276 48 831 901 77 569 264 32 913 348 675 569 317 628 58 454 174 534 47 114 953 132 319 86 377 758 671 676 936 258 
661 638 808 502 602 183 961 507 607 807 278 389 966 693 571 704 554 448 154 621 386 695 422 573 386 370 103 445 146 728 968 322 626 162 317 711 510 944 457 789 87 114 215 371 147 226 343 142 606 232 91 154 569 102 938 450 954 654 13 28 819 824 17 880 231 856 892 603 802 240 659 623 665 426 35 941 627 992 47 886 806 527 250 230 196 193 429 634 135 866 515 244 907 510 482 620 531 513 741 441 
503 423 632 776 68 893 476 156 196 183 68 135 368 268 782 352 180 887 326 22 666 151 368 468 169 89 501 789 206 444 959 201 412 981 408 273 113 652 856 248 657 55 62 418 278 606 193 433 512 399 567 766 746 99 221 21 213 536 712 892 169 408 996 501 177 466 291 393 846 752 616 552 351 697 420 519 840 375 873 257 960 619 822 809 503 520 538 790 424 821 260 992 491 79 882 826 222 727 320 977 
477 527 316 348 704 563 504 709 892 390 800 319 372 194 964 119 762 204 743 144 496 351 257 642 940 648 74 74 52 514 273 888 678 691 636 21 683 406 712 588 364 683 836 915 141 908 441 153 738 625 772 554 672 526 87 649 213 987 612 549 714 108 428 711 743 242 376 131 336 115 645 477 951 733 733 54 202 73 364 695 343 469 752 365 269 882 101 150 397 952 656 427 32 926 802 126 434 326 919 877 
720 104 175 256 206 238 61 920 572 673 119 784 418 410 397 401 385 19 157 0 44 311 485 827 911 678 379 532 670 838 74 868 738 927 606 60 376 877 810 264 810 684 360 949 265 799 305 53 427 673 845 384 634 120 501 741 334 678 182 354 604 890 233 352 70 663 586 818 941 243 558 783 252 218 944 278 47 972 429 426 884 340 262 974 576 579 454 802 293 837 205 343 243 42 908 216 477 63 658 713 
237 678 231 580 82 987 463 882 689 713 72 191 250 653 472 697 437 640 753 50 629 363 406 972 827 534 731 524 494 873 407 722 65 207 413 400 261 768 548 361 209 790 196 269 639 74 42 42 250 167 390 164 189 367 786 504 756 358 685 445 969 972 153 541 920 838 42 627 828 399 33 644 390 883 343 147 403 132 46 752 205 545 476 1 901 955 545 460 359 722 644 91 830 608 952 729 458 796 405 284 
831 857 252 379 641 424 179 258 740 956 290 364 424 836 245 288 773 670 387 919 659 746 830 445 782 21 364 30 496 751 445 803 703 415 46 773 296 61 22 673 628 272 87 901 187 553 47 162 54 816 287 450 73 70 124 668 840 123 916 285 81 824 155 793 579 943 991 59 390 122 8 337 891 874 181 948 772 961 355 399 375 297 423 181 248 14 221 255 333 890 409 286 653 888 719 966 747 915 631 188 
416 151 931 370 591 384 659 345 549 2 761 182 841 385 241 191 224 115 939 183 132 362 612 920 813 958 905 209 968 98 549 209 728 445 165 531 178 796 739 187 886 70 208 335 938 649 158 193 737 355 748 764 421 411 562 796 160 337 832 283 385 627 531 658 909 442 976 221 340 397 747 898 541 308 762 91 397 23 861 314 684 935 473 485 464 45 502 82 382 475 510 892 614 240 631 94 471 872 978 783 
75 74 140 623 972 308 373 90 791 276 240 779 656 40 290 242 766 801 943 665 936 571 65 843 888 968 106 102 87 837 444 130 233 85 950 530 562 573 578 75 474 473 221 299 941 301 495 36 678 581 132 529 901 40 746 120 982 211 251 521 356 731 461 886 669 981 409 347 624 897 569 735 877 812 933 379 220 797 272 579 632 891 54 379 821 980 385 580 448 665 332 519 574 856 7 314 320 146 484 56 
629 983 122 397 208 558 776 779 636 826 388 686 69 761 197 711 864 470 701 255 686 162 115 986 966 502 944 782 665 332 953 668 513 519 132 262 524 808 886 50 493 667 268 814 972 361 17 44 199 270 72 816 337 366 106 600 914 404 721 371 496 123 486 677 140 873 152 474 120 257 367 0 23 511 920 363 941 457 9 923 617 660 920 576 192 469 775 65 269 514 674 33 149 168 796 443 999 397 551 48 
908 664 362 231 155 72 240 604 353 579 871 147 375 297 326 486 748 799 867 110 36 0 491 591 41 945 635 744 345 427 351 873 576 159 217 596 976 973 476 681 591 926 33 77 656 891 490 443 347 517 397 719 385 478 516 46 595 303 650 449 523 444 160 780 125 933 778 746 271 822 763 683 423 994 968 561 36 299 195 447 183 613 279 203 179 548 140 37 83 922 531 688 643 214 476 474 99 10 397 583 
751 443 823 338 857 343 580 470 323 361 651 137 920 144 535 826 747 490 180 381 90 11 4 845 676 418 913 66 120 14 396 267 288 108 30 245 518 669 812 236 718 134 648 98 68 303 318 414 39 336 804 998 439 448 694 328 51 953 441 77 822 633 598 287 450 306 345 413 501 964 578 780 884 352 563 17 221 808 356 812 473 30 532 983 570 643 33 872 898 929 146 666 452 691 98 619 502 739 615 25 
287 820 292 46 109 273 196 526 211 749 345 895 393 501 540 305 468 603 421 397 968 444 4 866 499 772 193 494 99 560 42 138 131 429 107 537 914 295 699 363 484 45 180 789 534 659 819 875 660 935 529 920 13 272 345 885 65 364 915 473 361 906 712 448 833 279 911 246 746 804 576 438 266 447 334 414 864 329 250 477 218 313 462 945 409 407 847 338 264 251 104 835 569 823 834 826 737 994 864 189 
445 703 682 535 325 309 944 483 511 856 369 769 295 240 900 767 997 824 848 482 56 818 495 653 930 649 432 16 36 263 557 405 548 504 298 383 275 46 416 660 532 726 760 117 818 356 419 939 9 411 498 444 639 47 170 790 116 94 954 939 697 836 160 494 285 238 520 814 974 674 662 472 142 949 431 457 563 61 171 804 907 576 606 529 831 987 871 599 656 392 432 155 0 834 735 545 819 923 332 67 
893 41 332 400 21 212 741 206 314 659 508 195 549 407 99 448 992 519 615 224 845 990 553 327 2 210 923 670 467 486 69 558 281 827 808 483 777 418 868 116 704 518 285 271 718 440 491 786 256 890 154 600 603 479 822 600 374 978 563 4 247 839 725 809 928 544 444 18 643 689 946 882 604 302 327 681 895 963 180 535 841 643 511 151 779 741 631 454 28 756 1 476 334 342 338 281 709 304 398 860 
851 592 160 304 271 811 498 97 254 176 919 326 507 924 912 862 452 567 28 776 957 991 315 269 601 572 909 313 37 819 494 586 23 679 581 128 967 677 862 214 598 263 884 967 556 244 83 205 558 501 109 630 0 731 323 360 846 87 950 879 874 98 366 564 249 182 403 200 502 596 986 521 956 392 531 908 142 410 489 212 497 231 393 953 469 87 343 213 567 360 701 131 259 747 845 721 472 85 936 312 
532 865 944 761 522 411 508 698 424 64 634 633 134 733 218 321 292 541 199 851 420 151 913 862 8 743 34 706 405 52 78 361 720 842 774 703 415 385 278 836 643 213 453 551 724 895 342 21 174 636 685 554 451 829 531 736 18 591 238 958 382 195 915 418 578 257 557 370 451 592 194 224 814 929 156 300 684 821 110 142 898 212 327 860 478 816 316 824 960 929 801 478 437 146 815 196 394 900 37 115 
607 762 496 870 33 884 917 473 660 600 985 251 793 781 695 398 173 682 449 911 586 463 34 985 298 914 572 815 769 165 302 778 18 605 240 727 476 582 953 453 927 766 553 21 962 384 787 219 438 513 701 580 961 728 987 992 316 793 560 34 845 275 567 454 820 51 138 851 560 360 680 880 754 304 748 300 357 659 876 232 35 543 423 360 156 627 210 803 611 993 581 254 617 285 393 31 6 939 21 241 
548 616 250 956 271 183 163 807 938 79 505 72 492 523 390 954 91 594 761 209 391 472 713 50 314 85 5 191 31 628 74 769 17 887 855 134 69 49 974 438 282 948 652 929 959 884 731 171 998 196 661 562 865 872 461 103 786 394 432 867 279 160 834 949 317 6 886 593 668 72 477 962 972 939 795 483 518 276 926 995 118 65 441 471 864 279 216 37 120 300 909 254 62 22 490 698 346 403 240 371 
285 794 856 323 672 250 223 207 480 562 575 281 538 433 364 568 452 535 420 579 789 187 403 334 621 454 589 347 616 576 317 460 294 281 878 568 55 219 888 597 14 54 166 62 123 364 429 508 85 159 935 169 736 39 921 115 123 608 258 630 645 923 717 181 2 812 968 458 408 244 246 172 519 48 2 9 48 986 677 972 684 654 978 584 521 440 904 398 433 388 48 155 499 838 848 574 638 347 366 89 
795 327 793 477 323 288 580 435 569 27 812 896 793 974 885 776 248 38 832 703 806 146 328 171 90 847 317 6 364 62 504 500 825 531 992 79 146 966 212 291 718 815 578 543 186 518 576 336 30 849 153 877 962 914 122 870 336 848 237 798 803 349 94 603 185 519 508 803 941 259 98 474 840 511 223 129 801 670 627 265 594 186 819 256 549 13 38 779 239 496 688 133 972 584 39 719 107 557 813 265 
283 21 22 215 822 337 962 431 269 262 965 202 444 959 749 970 608 137 339 907 878 351 22 148 814 823 829 808 599 204 811 104 980 629 655 691 632 886 749 17 615 342 407 196 397 681 904 169 178 735 107 829 574 269 327 771 737 338 302 773 286 156 214 985 465 836 327 718 783 47 806 942 325 174 121 935 44 929 676 29 155 472 844 66 262 938 194 721 541 849 187 87 800 405 165 59 401 448 180 983 
330 74 558 55 49 703 859 514 593 646 497 983 900 690 639 778 654 182 649 974 723 596 331 165 315 543 849 574 613 651 479 351 641 57 468 460 131 391 797 902 493 71 767 486 468 487 932 532 6 585 58 532 474 196 704 600 857 762 650 732 851 379 375 93 397 915 202 819 842 847 926 242 271 582 389 555 307 405 587 0 423 403 686 416 146 319 856 320 993 551 456 523 797 786 142 586 53 631 694 287 
614 200 663 318 535 82 5 926 330 670 515 799 248 884 836 445 252 246 996 196 67 764 427 499 290 471 634 149 681 327 849 38 343 488 240 324 670 842 989 662 840 489 285 185 441 717 318 688 535 546 684 740 504 626 923 701 403 249 133 975 826 650 843 809 550 505 545 90 603 736 990 316 373 54 585 53 971 580 370 244 131 466 600 105 271 354 575 960 599 154 965 432 415 384 52 55 753 721 282 88 
110 931 87 695 90 468 223 708 421 523 810 463 873 469 776 83 648 834 752 598 270 897 882 223 616 377 660 793 99 826 578 431 207 195 938 704 613 357 591 94 847 728 116 257 984 237 131 641 460 19 558 492 505 942 222 533 445 541 514 830 425 491 147 175 295 432 861 431 497 488 968 562 922 141 576 795 688 897 706 620 610 926 65 548 550 433 439 649 463 924 503 695 269 68 587 479 245 306 449 291 
219 149 524 568 93 72 144 269 66 560 125 36 10 170 152 926 351 266 647 500 773 102 251 707 94 892 83 911 314 849 566 492 421 309 9 49 656 203 114 126 429 20 668 7 189 198 133 810 548 481 772 189 24 787 886 747 757 517 707 449 997 694 276 195 438 382 296 277 380 973 680 375 481 52 199 600 682 60 590 406 404 407 631 461 478 756 968 415 577 406 418 707 638 303 379 888 534 537 913 931 
184 494 840 279 158 648 237 749 337 867 844 717 415 282 159 932 105 615 632 870 802 311 761 477 357 205 482 82 902 390 203 868 460 637 795 591 253 712 888 799 315 331 183 997 5 563 414 393 793 573 216 528 376 360 169 656 355 529 90 778 661 470 168 815 449 412 16 159 557 436 374 501 86 764 166 527 991 923 802 44 132 903 22 599 100 970 656 547 607 233 51 303 627 591 390 141 701 658 713 550 
255 157 576 480 669 774 859 610 652 248 620 958 564 243 395 544 309 235 662 399 169 111 109 938 545 483 342 157 779 279 292 124 457 961 653 535 621 337 524 342 660 644 516 615 609 531 646 854 428 932 445 28 642 321 584 291 782 88 616 512 856 12 738 498 973 385 495 107 352 261 930 309 688 893 258 902 793 70 825 39 111 589 148 497 937 89 227 225 474 568 923 566 886 727 699 80 539 414 36 507 
509 186 885 885 495 533 965 348 726 995 250 635 176 183 802 671 742 934 296 629 382 65 329 14 596 57 95 301 817 14 565 993 356 585 629 238 609 779 415 121 559 508 442 971 367 904 488 893 593 280 85 414 193 637 248 497 562 538 117 850 633 603 562 690 934 760 905 25 415 598 734 796 525 176 193 863 122 394 246 76 803 78 323 517 291 91 753 62 905 3 623 207 507 43 555 368 826 616 730 694 
528 336 635 589 863 631 31 686 811 507 395 380 995 186 241 897 989 451 36 94 520 650 811 107 885 184 960 971 696 890 321 484 956 160 718 893 893 337 988 73 962 85 449 996 338 219 345 307 294 885 337 688 919 209 546 846 913 89 80 314 985 380 932 123 171 614 238 972 784 126 295 679 29 647 502 132 847 929 105 450 838 617 855 45 87 310 196 673 663 501 804 622 212 24 787 901 806 226 269 729 
174 358 457 417 934 929 235 797 778 133 731 663 21 15 840 309 391 883 400 700 829 150 908 527 441 285 80 823 420 508 769 13 553 529 250 758 988 883 520 711 235 477 700 466 332 663 194 727 207 454 536 758 109 211 288 299 49 994 273 228 270 884 819 7 489 967 882 431 968 908 509 465 867 746 695 938 258 665 174 724 224 385 178 936 590 844 424 621 955 817 335 938 2 66 83 840 789 833 601 420 
41 926 546 60 865 484 435 184 912 501 155 363 441 99 711 881 57 889 987 275 159 17 202 569 730 143 648 280 877 581 622 268 607 232 558 135 270 604 607 331 636 404 867 580 402 924 719 266 221 170 163 526 902 922 546 530 262 953 420 966 721 805 130 240 922 875 594 971 592 384 869 764 400 356 924 25 499 180 522 250 954 959 94 205 806 924 543 949 29 322 957 482 298 927 886 695 475 885 54 256 
497 402 915 426 172 718 64 680 597 91 711 323 592 744 741 89 506 319 872 513 695 984 172 286 431 669 543 946 449 207 994 853 889 832 409 982 774 371 605 473 175 713 847 690 864 230 719 361 711 163 951 935 84 660 329 471 488 117 568 632 653 769 54 498 982 916 753 656 496 642 291 437 26 630 995 353 193 567 694 542 911 416 162 950 181 55 812 776 150 961 624 882 589 484 993 801 306 28 82 695 
90 74 916 548 717 98 952 104 699 124 520 863 905 334 162 551 664 784 661 646 640 952 646 848 995 942 692 311 700 842 803 371 162 893 462 885 360 134 25 990 663 254 638 429 573 5 342 753 680 214 731 100 262 905 539 241 463 953 687 455 317 629 293 445 554 74 963 705 147 888 253 84 60 219 840 520 572 118 832 365 226 395 535 864 560 774 479 261 815 539 562 831 852 725 432 5 33 40 105 671 
583 577 643 249 258 805 342 751 637 959 494 451 304 126 169 2 695 806 610 901 37 174 325 143 777 834 604 859 760 665 929 88 179 482 244 70 858 706 640 451 281 114 697 866 305 119 617 292 138 849 579 409 273 312 799 40 181 492 624 141 126 36 362 363 831 785 72 459 851 836 189 819 94 301 777 490 550 838 750 611 602 583 4 825 897 627 234 42 390 531 885 710 147 225 686 385 908 432 343 351 
925 858 494 696 214 770 878 693 54 427 258 17 414 56 539 675 911 702 460 76 351 919 980 980 839 216 531 610 625 501 849 171 929 348 947 97 320 671 808 400 529 14 715 438 678 76 41 586 10 641 430 710 245 688 467 623 307 745 186 205 742 370 581 366 173 634 828 143 405 918 646 566 311 175 586 978 810 892 102 364 587 228 216 154 874 470 946 105 190 997 755 210 332 550 732 713 132 956 769 666 
540 94 745 629 969 702 455 380 539 974 354 913 729 695 241 557 45 194 987 143 449 370 766 538 777 617 302 707 203 74 753 833 805 775 889 589 230 836 722 260 136 235 396 858 148 26 354 410 414 922 892 484 810 713 563 45 240 442 27 869 716 428 654 757 129 208 902 935 983 567 442 411 417 348 797 151 20 117 684 143 878 15 239 125 395 858 145 227 958 35 843 278 926 138 694 653 215 171 344 483 
346 32 792 33 279 351 397 463 450 384 781 828 484 202 802 165 484 86 865 450 717 235 958 503 786 844 986 682 847 39 742 768 65 888 69 429 393 118 772 259 469 387 85 410 216 505 630 114 588 123 427 493 844 946 547 904 174 866 993 875 817 789 897 887 348 237 151 616 279 351 234 795 806 438 86 9 979 854 506 116 610 915 423 306 516 673 827 96 364 973 533 905 534 227 577 423 329 97 574 713 
234 356 831 349 579 66 927 152 148 936 952 732 617 389 565 945 147 518 214 256 628 683 76 387 413 994 54 753 538 539 460 481 329 500 882 692 606 245 639 472 947 574 990 154 670 920 916 412 771 114 628 47 324 197 679 274 950 794 104 44 734 242 583 623 252 750 908 382 399 633 839 312 377 890 613 757 691 566 662 808 428 997 492 926 582 164 54 230 186 467 702 721 838 176 536 180 700 676 701 4 
396 172 263 585 516 139 85 246 832 902 105 416 5 0 432 604 922 751 961 254 472 382 634 464 929 988 335 904 448 141 789 933 199 184 534 915 991 873 406 812 403 416 669 921 398 553 878 586 22 501 584 291 705 41 346 744 783 774 580 418 816 377 203 802 336 275 862 565 735 244 543 208 878 812 900 886 583 690 463 632 260 480 226 156 323 14 95 826 105 614 223 218 668 448 177 498 29 431 109 671 
462 236 738 673 424 546 693 277 617 505 787 293 475 967 544 842 616 699 105 461 293 36 871 746 949 250 981 470 432 691 492 778 731 433 197 8 906 754 63 470 795 160 257 378 364 921 778 212 648 330 335 194 910 552 717 311 146 743 856 653 624 471 579 606 111 483 633 733 346 252 683 482 261 718 483 486 622 520 592 539 25 738 251 592 441 586 609 868 292 24 546 776 382 939 826 746 784 635 262 695 
466 376 41 969 239 770 575 241 105 923 234 735 669 587 283 480 72 82 211 311 729 715 762 359 105 247 273 431 408 199 267 999 146 910 745 994 194 742 382 989 62 970 71 655 811 140 904 241 146 897 611 104 115 577 490 177 425 691 383 68 791 624 106 4 193 551 58 262 205 961 720 936 971 485 593 724 764 959 18 980 935 869 712 960 882 435 680 495 902 855 437 938 211 655 433 631 879 513 830 652 
593 515 212 474 475 740 174 77 79 971 800 897 176 55 308 159 76 175 557 904 257 467 371 729 30 866 945 751 100 461 563 917 293 92 916 92 603 224 775 723 156 936 700 375 764 728 309 924 987 823 313 485 137 7 937 536 456 435 538 101 753 972 810 217 785 284 158 766 157 639 243 77 707 446 364 663 987 70 748 352 751 697 644 877 655 172 543 95 167 136 379 137 589 908 547 351 557 907 3 727 
256 138 780 964 989 925 177 960 134 555 9 946 510 719 445 209 777 568 484 552 229 43 606 338 592 47 870 527 946 217 483 536 788 858 704 79 801 398 563 27 116 798 131 619 26 408 190 632 241 556 105 688 714 363 625 744 675 612 690 594 599 231 902 472 802 613 224 527 256 951 378 647 309 398 203 154 298 811 13 859 175 713 174 162 4 831 813 349 373 346 112 40 173 99 68 608 969 437 900 820 
776 273 285 861 250 941 506 512 943 650 91 322 97 61 579 340 565 89 282 6 222 907 520 296 170 38 988 807 729 112 412 877 563 653 381 733 634 690 134 293 584 404 568 780 761 74 24 926 868 304 184 526 150 166 490 131 408 865 943 422 379 336 792 723 433 673 803 118 157 125 71 504 693 457 91 482 847 439 636 801 234 12 334 275 782 211 182 257 943 690 949 597 678 788 959 93 672 287 884 897 
371 942 655 26 983 953 46 699 425 827 129 253 526 813 126 877 901 114 875 24 213 763 758 267 314 595 186 60 186 277 235 437 525 821 876 914 780 940 783 264 33 592 333 441 152 907 382 981 988 627 971 891 900 394 626 624 135 103 865 639 423 261 431 435 330 354 544 97 190 762 463 729 366 837 969 701 832 95 199 27 450 718 220 792 532 729 544 118 222 639 276 719 373 686 87 538 659 885 353 678 
397 364 678 437 817 810 341 11 831 471 641 478 855 339 263 0 179 743 473 986 511 211 51 596 342 831 484 259 542 438 656 634 592 520 291 292 937 47 640 216 724 268 43 518 235 355 92 194 459 780 413 495 168 811 173 973 409 346 478 293 478 790 84 348 815 607 136 687 974 996 179 111 167 246 479 197 783 916 354 231 531 480 564 931 523 343 748 427 271 174 357 665 120 395 463 381 650 66 547 270 
104 321 623 590 825 302 219 745 850 551 747 70 404 83 166 374 831 999 534 477 863 91 681 423 286 158 735 165 458 167 133 16 664 902 290 725 673 162 576 722 20 309 389 616 861 429 890 857 44 883 876 980 201 9 745 334 255 736 893 3 214 552 934 622 453 603 548 997 303 84 366 945 502 684 985 644 230 422 682 276 43 548 469 735 381 136 583 31 3 463 353 144 134 923 30 343 432 201 959 758 
780 995 836 253 967 622 895 339 919 566 988 14 99 296 667 951 276 280 961 329 363 893 651 475 515 586 236 692 719 990 130 767 15 350 276 511 247 513 62 525 113 965 993 175 485 112 404 171 69 313 919 605 166 560 906 525 732 140 106 437 668 412 860 425 232 207 940 375 639 503 552 665 75 251 616 497 559 733 273 420 489 476 699 26 636 914 128 462 169 320 390 673 255 193 230 539 200 453 357 988 
830 415 547 168 614 728 747 130 219 37 682 58 574 71 812 17 461 922 675 861 290 928 185 216 918 207 280 94 462 808 255 287 436 57 120 545 616 461 312 322 681 658 463 620 678 235 273 258 954 464 564 938 640 595 715 444 259 308 329 409 642 128 402 231 537 916 159 949 211 880 208 810 927 210 496 283 465 473 299 988 426 404 627 86 2 553 11 218 573 338 891 749 212 261 766 805 374 234 744 475 
143 19 67 353 567 223 852 862 605 351 378 936 814 822 583 801 777 98 843 197 85 48 292 786 349 495 586 785 115 162 2 324 698 972 25 273 440 976 420 350 156 271 734 389 749 246 274 522 140 894 713 826 946 709 749 527 380 110 303 666 86 836 719 640 942 669 186 607 243 661 744 610 414 464 94 356 791 420 426 562 579 901 862 44 468 739 830 461 642 522 165 272 849 377 261 902 786 637 461 725 
439 990 416 683 985 761 388 940 964 304 352 640 126 448 34 345 660 841 759 411 781 515 852 916 355 351 421 70 151 3 660 715 580 355 988 481 791 828 350 198 917 538 484 349 126 925 708 713 225 631 576 378 991 865 315 702 484 239 574 674 36 425 165 225 986 828 59 555 599 160 149 745 993 282 141 225 2 325 334 158 259 405 208 769 776 21 244 757 813 809 682 183 753 230 560 157 66 769 119 634 
418 85 457 991 769 609 997 675 418 241 398 13 90 515 240 97 719 725 829 234 77 742 359 480 391 506 167 442 763 682 774 853 567 531 985 61 907 573 74 747 655 327 589 568 671 689 304 586 412 323 231 541 708 932 343 779 884 709 577 798 110 55 521 453 982 26 879 413 841 680 821 666 536 305 867 671 417 640 688 795 295 221 114 108 835 261 488 776 947 895 117 201 602 592 671 849 839 626 553 223 
859 880 734 760 429 797 928 962 904 62 800 228 817 965 646 698 977 287 234 504 833 416 316 421 663 446 194 866 395 523 928 762 247 879 733 69 479 421 435 800 405 332 399 263 40 858 962 253 350 556 911 939 880 992 510 711 413 983 176 199 449 741 124 487 151 827 786 735 445 232 94 873 119 811 134 449 39 107 703 46 99 826 734 160 967 176 235 122 901 556 290 721 882 601 533 950 715 790 820 545 
327 45 39 358 175 305 237 445 195 986 13 140 295 539 734 191 518 118 762 491 798 198 864 176 580 325 50 958 705 119 812 457 742 278 679 455 859 840 596 848 974 830 772 88 474 118 368 162 38 499 405 917 544 387 578 483 49 666 773 807 123 78 858 71 81 714 693 923 925 654 683 133 847 575 596 697 797 203 676 375 806 904 906 750 668 125 464 435 801 745 836 354 592 379 710 628 280 201 963 11 
284 437 857 178 135 525 69 336 887 114 49 774 950 443 282 670 465 323 441 463 658 976 344 711 433 254 471 544 587 651 103 990 9 92 832 271 933 280 582 164 528 691 305 712 71 134 53 310 855 109 782 712 526 681 136 781 197 847 831 338 795 344 771 925 403 738 206 574 417 272 192 294 200 150 306 180 688 520 706 630 454 594 879 661 85 938 558 493 292 518 132 707 311 392 53 135 162 713 932 652 
307 301 763 934 312 995 109 579 257 976 3 845 39 572 12 199 325 965 688 494 590 843 71 522 248 740 845 733 911 32 82 484 868 231 359 779 199 410 50 413 387 784 902 428 849 818 45 390 552 41 112 297 892 382 232 224 100 394 245 87 201 463 79 451 443 759 316 782 125 27 657 665 693 983 636 410 517 556 729 401 381 814 380 598 693 375 783 733 909 499 84 588 48 454 4 812 384 947 937 222 
283 231 42 656 335 981 173 312 906 994 938 345 437 460 316 188 881 47 11 72 723 728 465 421 628 205 754 229 892 156 31 100 792 548 436 345 553 786 985 446 504 20 662 205 727 59 714 579 41 300 862 442 436 887 693 25 510 61 647 774 478 115 142 207 701 28 192 405 900 702 511 915 31 507 710 142 499 451 869 76 220 792 94 914 490 82 880 633 261 884 587 928 894 847 550 128 520 165 782 612 
935 169 696 543 64 5 849 419 313 148 812 775 90 89 892 200 637 15 570 964 305 219 64 507 45 511 807 703 619 673 798 613 67 691 220 715 178 587 129 477 578 654 80 259 788 513 487 958 403 760 810 299 67 594 525 574 538 565 664 795 366 174 416 536 15 68 267 839 109 702 252 395 709 913 945 673 609 598 305 714 166 916 921 405 362 986 929 762 365 832 915 292 287 582 235 311 507 4 525 346 
522 852 811 430 435 861 646 417 545 794 48 636 309 218 424 379 166 817 197 110 527 431 550 339 304 952 673 343 887 500 882 693 240 919 982 942 562 571 233 914 517 300 149 301 65 700 877 269 688 729 529 371 103 852 834 640 336 323 800 146 972 154 497 824 783 301 293 466 445 177 648 844 140 764 784 693 673 761 40 218 759 112 316 96 949 182 230 155 160 489 273 640 961 631 35 10 368 80 928 179 
209 184 180 448 886 50 857 899 989 865 179 859 211 272 536 86 769 37 12 866 551 385 635 921 830 964 360 11 602 318 190 664 832 161 781 454 763 237 320 487 877 76 60 311 965 960 515 709 276 169 882 16 909 699 784 420 100 247 376 612 557 761 968 914 65 739 675 149 636 88 12 595 746 290 421 791 940 216 238 44 261 394 49 635 562 799 270 49 602 410 187 157 234 136 38 256 972 685 590 310 
64 880 894 300 619 4 36 235 216 224 273 508 829 128 761 547 839 805 462 521 480 980 168 941 24 619 528 499 929 297 221 504 304 270 46 557 761 8 881 370 570 615 308 460 859 388 698 66 155 286 616 796 423 84 432 125 783 370 454 323 857 6 769 556 771 970 132 492 515 463 670 180 400 311 919 669 79 948 812 525 927 488 876 169 430 916 827 52 295 229 951 511 988 76 938 850 809 68 240 873 
537 593 153 978 341 375 33 238 225 25 790 823 961 412 202 113 45 731 705 931 273 20 973 792 864 298 400 25 226 941 41 109 795 759 516 796 950 624 699 216 114 596 57 341 763 739 977 971 892 921 618 154 588 783 662 301 575 138 99 209 455 107 561 480 34 847 213 689 949 784 853 827 873 771 541 258 997 131 938 264 372 174 925 440 809 470 211 47 984 819 178 91 927 71 478 745 309 115 205 506 
985 568 247 630 406 192 906 4 789 701 405 383 428 546 188 765 198 322 3 677 340 701 822 151 930 322 57 465 756 881 187 118 402 440 289 361 930 401 552 803 893 10 586 666 621 389 701 898 414 953 704 248 593 209 416 588 985 795 450 911 288 835 593 422 473 777 506 934 508 472 150 904 829 369 577 782 517 192 33 863 574 268 168 759 81 597 613 931 771 873 160 996 895 192 589 570 629 937 779 594 
212 612 574 811 435 769 57 117 463 737 488 939 960 852 68 779 916 722 40 428 128 390 580 271 580 840 80 505 998 961 340 304 426 557 198 819 89 652 595 391 184 409 337 735 779 967 732 588 521 272 360 654 128 697 687 161 724 426 242 427 637 874 845 125 847 179 671 713 23 441 879 267 418 424 125 579 935 399 840 569 96 536 900 905 236 290 343 802 417 968 219 98 529 683 766 300 714 413 840 372 
163 544 949 282 676 599 597 822 261 74 656 51 921 96 797 38 844 416 68 897 898 313 659 995 586 307 926 707 116 29 827 861 135 513 965 915 318 812 303 144 979 210 635 465 589 138 923 933 38 773 664 631 416 909 945 929 417 420 343 866 612 162 486 339 490 420 206 215 17 545 227 714 316 166 514 420 235 980 350 725 68 504 353 291 994 500 966 425 789 141 79 707 146 245 642 687 709 785 74 710 
220 109 859 188 349 286 221 163 307 704 421 575 877 506 481 806 272 967 810 574 398 270 87 795 438 308 159 345 662 576 87 31 687 415 725 549 392 898 500 351 29 525 218 434 338 585 742 511 898 484 373 486 869 127 439 109 753 216 101 8 223 977 886 219 490 673 19 806 148 10 751 280 706 723 91 743 249 534 953 919 601 596 983 761 288 944 326 262 666 201 804 933 888 620 695 953 246 226 739 686 
786 846 189 117 954 177 825 502 108 361 49 645 420 143 7 329 138 937 62 281 66 24 803 559 848 890 161 322 651 714 854 246 401 614 224 743 931 601 244 734 35 290 320 482 403 102 783 603 824 770 77 828 615 811 675 959 223 81 750 821 407 145 67 29 481 202 542 373 343 538 907 951 148 458 940 630 447 975 381 258 988 91 388 975 595 60 196 156 829 242 812 587 300 591 820 372 210 482 24 400 
973 364 344 459 193 287 206 160 759 172 610 291 357 228 667 667 526 793 182 967 643 334 820 627 961 724 823 403 237 6 133 623 614 287 585 119 378 115 998 785 555 627 317 425 195 493 937 792 6 636 417 232 568 835 598 894 495 280 757 969 601 79 687 715 440 883 935 750 837 724 852 160 900 878 552 170 855 647 344 341 717 347 652 582 972 139 625 212 620 363 806 247 38 451 388 523 333 793 898 725 
636 652 887 814 633 828 329 830 920 664 382 715 578 448 913 137 848 389 199 812 834 373 122 900 445 555 829 536 325 951 714 983 231 114 881 914 674 677 241 966 134 738 204 257 894 594 958 579 650 640 270 567 713 79 896 617 181 344 418 114 919 966 430 410 308 310 424 37 488 224 544 162 706 275 546 648 208 273 284 73 533 470 143 756 840 79 754 645 230 912 219 792 3 207 528 222 949 655 533 399 
313 103 766 25 467 365 495 743 912 37 891 582 270 598 474 532 415 38 358 953 345 109 648 515 937 176 222 892 697 711 808 623 8 313 939 188 945 78 797 807 407 38 514 856 407 264 807 990 414 757 341 837 597 998 240 98 466 675 537 148 489 861 200 510 434 382 294 306 901 704 314 976 707 28 626 367 807 388 805 331 590 794 607 80 594 323 420 766 573 870 392 509 492 329 87 427 769 206 104 828 
