16283708 16283708 16283708 16283708 16283708 16283708 16283708 16283708 16283708 16283708 
16709640 16709640 16709640 16709640 16709640 16709640 16709640 16709640 16709640 16709640 
15530136 15530136 15530136 15530136 15530136 15530136 15530136 15530136 15530136 15530136 
18282312 18282312 18282312 18282312 18282312 18282312 18282312 18282312 18282312 18282312 
12417556 12417556 12417556 12417556 12417556 12417556 12417556 12417556 12417556 12417556 
15628428 15628428 15628428 15628428 15628428 15628428 15628428 15628428 15628428 15628428 
15431844 15431844 15431844 15431844 15431844 15431844 15431844 15431844 15431844 15431844 
14350632 14350632 14350632 14350632 14350632 14350632 14350632 14350632 14350632 14350632 
15300788 15300788 15300788 15300788 15300788 15300788 15300788 15300788 15300788 15300788 
12352028 12352028 12352028 12352028 12352028 12352028 12352028 12352028 12352028 12352028 
