50 5
91 361 773 66 243 682 346 537 668 412 856 992 162 489 667 116 676 682 675 759 347 144 63 244 60 647 128 430 815 221 871 129 126 633 330 121 361 895 251 770 306 539 633 488 565 91 515 408 90 98 
50 543 117 651 646 617 678 99 532 172 93 506 735 110 872 530 981 149 169 201 75 486 153 532 251 231 850 29 492 297 763 431 659 512 420 46 9 221 973 413 573 102 451 330 60 484 363 756 414 437 
153 720 811 59 275 392 205 158 705 734 263 749 752 168 463 370 496 964 376 39 187 989 171 419 479 790 126 977 981 815 934 875 842 902 914 315 622 991 839 35 788 895 651 646 233 437 268 421 857 595 
665 270 678 940 788 691 434 702 838 463 695 689 83 718 964 912 536 61 731 608 970 927 257 527 712 386 38 776 428 570 518 619 958 564 463 713 202 14 75 673 795 565 896 469 488 750 287 713 221 553 
26 396 565 267 241 831 127 819 583 590 839 551 696 509 798 16 605 934 964 156 972 336 829 354 26 185 82 659 778 519 210 495 51 683 64 853 908 335 271 472 867 234 707 934 879 761 890 706 130 864 
475 413 587 346 861 352 483 205 115 893 679 874 438 343 469 204 756 247 626 358 448 392 83 929 786 117 291 662 97 162 341 945 142 913 194 152 578 294 180 611 842 36 428 275 234 697 529 567 472 679 
267 941 659 5 239 774 140 102 659 221 515 896 197 489 453 384 31 921 292 900 453 816 368 504 274 778 389 677 904 789 588 375 438 683 831 22 231 575 911 952 681 773 864 332 779 448 208 922 842 918 
244 569 526 182 107 545 665 230 623 83 80 526 329 998 20 441 284 835 539 476 485 331 555 911 561 183 519 181 752 919 341 127 904 687 206 477 253 472 16 967 48 699 433 609 926 436 93 862 802 52 
66 566 397 502 218 715 253 767 504 224 740 600 511 323 371 85 655 805 310 731 553 351 9 758 461 743 923 16 9 851 866 729 533 805 120 27 110 360 677 461 872 986 604 555 839 539 202 812 687 749 
324 532 930 299 241 170 10 271 177 596 88 335 347 138 317 560 45 601 406 974 567 554 181 515 625 442 478 598 119 362 703 461 193 753 844 222 408 137 585 482 854 863 690 35 46 535 607 840 36 216 
788 15 821 548 112 266 858 747 924 117 769 216 759 806 821 804 191 550 639 1 506 767 437 873 838 159 993 857 22 60 805 464 902 656 263 933 161 104 903 328 337 199 496 302 494 752 422 691 370 275 
221 324 981 927 411 747 133 242 79 254 529 45 841 769 901 404 875 107 480 532 977 567 916 741 805 765 670 442 294 256 55 110 370 416 338 170 882 435 375 541 189 863 679 491 711 156 441 481 339 992 
572 695 767 986 830 126 663 195 933 429 277 938 116 95 463 503 792 343 961 258 332 103 605 269 681 501 528 479 146 439 30 186 599 912 577 936 984 835 430 402 516 368 985 8 698 757 107 560 145 471 
840 832 811 1 766 502 95 587 714 659 143 87 253 739 535 376 488 833 320 300 163 176 539 92 652 572 681 649 534 10 83 681 24 374 590 98 344 812 833 903 471 985 834 952 703 682 477 919 890 925 
446 512 613 991 778 608 981 565 913 346 673 959 879 278 24 698 947 515 636 430 695 774 615 39 49 428 540 495 177 316 722 828 780 488 924 533 288 261 61 755 282 985 682 30 460 205 968 686 131 396 
936 267 368 867 432 543 661 88 853 642 738 447 765 990 472 499 937 708 551 339 987 278 107 190 812 991 108 47 993 584 662 140 631 221 589 323 828 743 509 606 888 267 850 602 277 155 107 610 187 403 
165 537 167 798 517 840 308 130 221 332 314 170 27 939 870 635 286 857 251 793 939 910 824 498 623 475 665 667 846 373 138 186 851 656 89 116 72 143 812 415 320 155 691 891 988 547 199 301 971 123 
923 372 29 648 66 143 218 402 577 6 278 435 647 73 144 671 250 862 372 28 427 31 45 93 197 186 503 897 553 995 508 417 918 527 365 562 880 530 987 896 974 180 270 628 32 600 238 199 993 733 
216 983 649 376 620 57 447 401 805 792 869 477 648 444 83 140 265 887 529 132 866 572 127 566 652 113 312 215 979 263 206 257 678 751 439 299 925 903 369 943 630 750 474 651 264 548 579 386 17 109 
133 403 374 223 389 834 530 74 124 814 497 528 554 331 564 101 148 632 191 361 203 284 913 83 856 173 349 944 877 345 951 45 45 552 688 49 886 794 974 950 342 813 342 66 548 145 187 824 361 888 
771 333 966 32 864 128 735 683 476 561 225 625 825 230 544 932 104 353 292 316 561 206 997 540 186 820 476 29 59 505 284 561 137 59 521 323 425 245 224 965 112 894 951 202 209 760 70 645 270 384 
359 106 602 329 281 539 55 678 939 838 964 216 823 597 881 492 509 429 45 281 130 92 376 920 696 884 869 453 992 13 954 261 381 930 915 600 619 107 323 401 848 563 189 588 345 923 947 224 881 686 
140 413 653 278 435 951 643 311 310 987 373 267 812 281 968 462 282 787 290 682 24 621 891 262 759 510 611 146 398 718 365 495 630 72 994 260 114 474 521 956 75 226 205 926 547 611 39 901 760 217 
574 994 4 681 373 822 666 125 308 860 419 847 305 390 939 947 976 687 589 617 368 121 142 595 641 424 592 60 523 279 373 242 144 145 768 262 69 963 406 138 588 104 850 890 822 436 690 517 351 422 
692 917 538 711 525 310 296 872 123 380 963 764 417 936 599 761 939 220 139 773 747 740 764 134 811 768 43 602 84 519 104 80 71 550 927 463 441 74 178 670 44 426 679 52 388 696 235 681 495 818 
751 868 657 684 307 422 382 808 712 614 217 481 74 959 29 99 509 943 146 151 759 130 307 463 535 207 285 949 277 656 530 192 618 768 607 209 385 888 691 979 886 106 225 186 101 570 455 789 270 553 
864 295 904 780 519 930 476 893 149 837 876 960 725 655 67 289 574 116 630 668 289 657 92 236 516 210 418 872 357 716 42 524 787 279 940 364 105 140 221 70 452 832 344 8 952 159 899 311 270 925 
299 114 777 321 778 302 161 387 184 43 399 455 199 687 378 210 356 842 913 44 571 66 938 431 690 504 899 295 296 618 143 251 343 794 715 931 97 663 41 338 255 10 829 382 895 476 606 142 334 622 
375 3 868 41 319 849 616 528 374 296 684 522 145 895 411 724 175 784 47 743 4 946 415 845 14 818 129 618 639 691 221 329 43 553 3 452 346 632 988 448 536 570 103 936 963 520 77 137 188 584 
943 102 402 113 841 372 211 259 678 209 685 498 54 801 356 333 709 657 205 809 598 312 970 164 832 370 790 279 79 711 836 443 638 595 555 535 708 632 261 304 629 641 152 227 35 95 108 927 964 314 
118 975 933 848 76 998 999 170 18 43 849 111 853 879 302 912 286 397 49 343 889 730 382 210 719 565 827 484 209 24 591 141 510 439 873 304 142 937 276 974 847 549 745 218 96 55 646 109 925 211 
126 978 178 184 881 740 35 689 486 150 156 720 726 996 612 844 530 841 808 181 880 96 909 253 57 822 773 1 927 304 534 208 365 921 863 723 383 655 20 102 765 799 636 54 513 797 322 84 409 369 
833 409 105 838 107 634 1 5 443 693 479 218 146 180 886 309 495 579 687 979 562 29 111 814 387 403 945 298 574 311 941 713 634 870 794 642 851 964 719 222 324 981 184 635 600 409 199 956 283 855 
674 800 285 789 364 794 799 319 558 314 41 470 790 450 443 523 560 547 747 540 53 448 446 350 234 707 634 733 282 432 19 295 230 575 84 887 828 325 849 761 430 797 131 761 477 602 380 433 869 889 
444 146 234 109 34 467 364 883 326 16 271 215 151 52 861 54 593 923 736 670 401 329 955 763 988 175 753 411 917 71 960 604 789 894 959 76 592 865 854 977 654 843 996 771 711 686 79 591 642 984 
711 541 975 264 836 292 492 961 762 796 181 86 386 228 904 614 851 437 816 259 64 639 399 125 219 547 618 164 706 904 104 182 610 170 371 214 554 832 562 926 881 196 886 998 10 129 643 469 694 264 
449 231 899 579 84 31 628 670 145 327 880 11 587 423 912 701 812 466 203 895 319 599 109 197 862 734 8 739 599 337 968 541 197 541 574 111 196 753 301 718 452 655 49 526 434 864 329 262 412 485 
354 825 851 299 142 134 62 95 564 90 100 658 82 772 506 286 849 146 958 738 320 18 283 571 971 899 191 692 733 661 329 838 188 102 54 907 140 559 325 592 479 814 978 130 603 373 321 810 260 659 
636 763 388 346 270 603 416 409 976 881 157 690 915 270 435 966 256 791 656 472 309 306 328 608 569 238 564 745 98 24 728 228 924 555 674 158 932 224 767 704 342 895 96 126 572 165 366 794 592 342 
169 321 860 28 231 534 176 960 155 734 484 249 644 260 559 171 737 662 607 242 417 728 577 527 439 423 355 314 797 24 96 745 624 538 876 423 389 185 840 64 499 941 945 516 17 995 244 155 601 746 
53 408 837 25 776 289 304 486 207 149 625 234 142 671 356 235 907 794 777 58 873 878 641 343 831 658 862 505 189 842 218 282 847 115 43 739 933 484 669 204 889 280 521 990 538 585 397 276 89 623 
451 175 323 449 559 738 615 755 275 462 568 592 701 359 220 162 595 310 614 209 278 679 817 648 5 534 366 278 707 206 984 259 12 930 206 617 692 536 889 454 896 370 598 23 89 743 990 222 902 314 
356 47 961 233 759 144 838 400 137 959 175 551 966 464 603 546 809 247 104 895 596 347 446 797 927 308 118 419 627 143 379 391 895 143 552 97 834 61 163 958 706 699 384 521 533 406 216 847 390 227 
323 729 802 899 420 680 243 114 453 124 188 876 755 13 775 896 42 22 820 802 132 943 826 60 78 306 835 124 84 184 707 468 806 325 225 750 859 785 201 126 685 736 849 85 69 485 739 963 584 210 
307 477 673 387 57 855 698 316 841 603 286 583 257 675 937 259 634 179 649 945 963 827 334 425 442 307 441 709 268 792 25 772 312 766 331 690 159 230 75 405 942 163 446 827 39 39 26 19 453 339 
224 593 423 951 849 502 615 182 767 654 883 622 141 108 435 830 426 316 396 281 273 879 580 835 732 836 791 545 315 76 994 558 256 991 214 794 373 30 903 61 256 425 534 950 637 530 395 165 820 97 
535 431 749 793 385 755 161 594 983 200 203 352 152 570 335 237 472 141 674 523 963 937 891 885 213 759 911 798 266 210 459 393 81 361 654 114 38 236 988 149 592 269 323 751 944 986 991 793 68 32 
521 940 571 906 272 33 882 130 758 424 774 510 830 700 42 775 68 564 643 462 86 685 330 576 161 623 275 52 904 653 380 602 840 225 855 239 239 471 3 862 431 600 0 785 965 346 626 400 767 542 
888 792 566 451 645 200 976 1 631 961 224 944 518 172 954 770 831 616 481 94 9 780 116 270 608 161 441 723 81 220 152 432 581 459 156 757 489 478 877 669 156 776 489 90 563 389 412 415 634 126 
998 397 372 267 388 522 917 409 449 56 390 780 854 66 417 103 360 516 781 769 442 627 580 434 474 419 867 926 160 752 218 961 796 710 228 196 55 733 369 399 654 703 738 112 434 492 445 538 227 9 
