79223352 79223352 79223352 79223352 79223352 79223352 79223352 79223352 79223352 79223352 79223352 79223352 79223352 79223352 79223352 79223352 79223352 79223352 79223352 79223352 79223352 79223352 79223352 79223352 79223352 79223352 79223352 79223352 79223352 79223352 79223352 79223352 79223352 79223352 79223352 79223352 79223352 79223352 79223352 79223352 79223352 79223352 79223352 79223352 79223352 79223352 79223352 79223352 79223352 79223352 
73063720 73063720 73063720 73063720 73063720 73063720 73063720 73063720 73063720 73063720 73063720 73063720 73063720 73063720 73063720 73063720 73063720 73063720 73063720 73063720 73063720 73063720 73063720 73063720 73063720 73063720 73063720 73063720 73063720 73063720 73063720 73063720 73063720 73063720 73063720 73063720 73063720 73063720 73063720 73063720 73063720 73063720 73063720 73063720 73063720 73063720 73063720 73063720 73063720 73063720 
80632204 80632204 80632204 80632204 80632204 80632204 80632204 80632204 80632204 80632204 80632204 80632204 80632204 80632204 80632204 80632204 80632204 80632204 80632204 80632204 80632204 80632204 80632204 80632204 80632204 80632204 80632204 80632204 80632204 80632204 80632204 80632204 80632204 80632204 80632204 80632204 80632204 80632204 80632204 80632204 80632204 80632204 80632204 80632204 80632204 80632204 80632204 80632204 80632204 80632204 
75946952 75946952 75946952 75946952 75946952 75946952 75946952 75946952 75946952 75946952 75946952 75946952 75946952 75946952 75946952 75946952 75946952 75946952 75946952 75946952 75946952 75946952 75946952 75946952 75946952 75946952 75946952 75946952 75946952 75946952 75946952 75946952 75946952 75946952 75946952 75946952 75946952 75946952 75946952 75946952 75946952 75946952 75946952 75946952 75946952 75946952 75946952 75946952 75946952 75946952 
81713416 81713416 81713416 81713416 81713416 81713416 81713416 81713416 81713416 81713416 81713416 81713416 81713416 81713416 81713416 81713416 81713416 81713416 81713416 81713416 81713416 81713416 81713416 81713416 81713416 81713416 81713416 81713416 81713416 81713416 81713416 81713416 81713416 81713416 81713416 81713416 81713416 81713416 81713416 81713416 81713416 81713416 81713416 81713416 81713416 81713416 81713416 81713416 81713416 81713416 
84367300 84367300 84367300 84367300 84367300 84367300 84367300 84367300 84367300 84367300 84367300 84367300 84367300 84367300 84367300 84367300 84367300 84367300 84367300 84367300 84367300 84367300 84367300 84367300 84367300 84367300 84367300 84367300 84367300 84367300 84367300 84367300 84367300 84367300 84367300 84367300 84367300 84367300 84367300 84367300 84367300 84367300 84367300 84367300 84367300 84367300 84367300 84367300 84367300 84367300 
81418540 81418540 81418540 81418540 81418540 81418540 81418540 81418540 81418540 81418540 81418540 81418540 81418540 81418540 81418540 81418540 81418540 81418540 81418540 81418540 81418540 81418540 81418540 81418540 81418540 81418540 81418540 81418540 81418540 81418540 81418540 81418540 81418540 81418540 81418540 81418540 81418540 81418540 81418540 81418540 81418540 81418540 81418540 81418540 81418540 81418540 81418540 81418540 81418540 81418540 
82958448 82958448 82958448 82958448 82958448 82958448 82958448 82958448 82958448 82958448 82958448 82958448 82958448 82958448 82958448 82958448 82958448 82958448 82958448 82958448 82958448 82958448 82958448 82958448 82958448 82958448 82958448 82958448 82958448 82958448 82958448 82958448 82958448 82958448 82958448 82958448 82958448 82958448 82958448 82958448 82958448 82958448 82958448 82958448 82958448 82958448 82958448 82958448 82958448 82958448 
84825996 84825996 84825996 84825996 84825996 84825996 84825996 84825996 84825996 84825996 84825996 84825996 84825996 84825996 84825996 84825996 84825996 84825996 84825996 84825996 84825996 84825996 84825996 84825996 84825996 84825996 84825996 84825996 84825996 84825996 84825996 84825996 84825996 84825996 84825996 84825996 84825996 84825996 84825996 84825996 84825996 84825996 84825996 84825996 84825996 84825996 84825996 84825996 84825996 84825996 
81778944 81778944 81778944 81778944 81778944 81778944 81778944 81778944 81778944 81778944 81778944 81778944 81778944 81778944 81778944 81778944 81778944 81778944 81778944 81778944 81778944 81778944 81778944 81778944 81778944 81778944 81778944 81778944 81778944 81778944 81778944 81778944 81778944 81778944 81778944 81778944 81778944 81778944 81778944 81778944 81778944 81778944 81778944 81778944 81778944 81778944 81778944 81778944 81778944 81778944 
67133436 67133436 67133436 67133436 67133436 67133436 67133436 67133436 67133436 67133436 67133436 67133436 67133436 67133436 67133436 67133436 67133436 67133436 67133436 67133436 67133436 67133436 67133436 67133436 67133436 67133436 67133436 67133436 67133436 67133436 67133436 67133436 67133436 67133436 67133436 67133436 67133436 67133436 67133436 67133436 67133436 67133436 67133436 67133436 67133436 67133436 67133436 67133436 67133436 67133436 
81549596 81549596 81549596 81549596 81549596 81549596 81549596 81549596 81549596 81549596 81549596 81549596 81549596 81549596 81549596 81549596 81549596 81549596 81549596 81549596 81549596 81549596 81549596 81549596 81549596 81549596 81549596 81549596 81549596 81549596 81549596 81549596 81549596 81549596 81549596 81549596 81549596 81549596 81549596 81549596 81549596 81549596 81549596 81549596 81549596 81549596 81549596 81549596 81549596 81549596 
76995400 76995400 76995400 76995400 76995400 76995400 76995400 76995400 76995400 76995400 76995400 76995400 76995400 76995400 76995400 76995400 76995400 76995400 76995400 76995400 76995400 76995400 76995400 76995400 76995400 76995400 76995400 76995400 76995400 76995400 76995400 76995400 76995400 76995400 76995400 76995400 76995400 76995400 76995400 76995400 76995400 76995400 76995400 76995400 76995400 76995400 76995400 76995400 76995400 76995400 
86660780 86660780 86660780 86660780 86660780 86660780 86660780 86660780 86660780 86660780 86660780 86660780 86660780 86660780 86660780 86660780 86660780 86660780 86660780 86660780 86660780 86660780 86660780 86660780 86660780 86660780 86660780 86660780 86660780 86660780 86660780 86660780 86660780 86660780 86660780 86660780 86660780 86660780 86660780 86660780 86660780 86660780 86660780 86660780 86660780 86660780 86660780 86660780 86660780 86660780 
79780340 79780340 79780340 79780340 79780340 79780340 79780340 79780340 79780340 79780340 79780340 79780340 79780340 79780340 79780340 79780340 79780340 79780340 79780340 79780340 79780340 79780340 79780340 79780340 79780340 79780340 79780340 79780340 79780340 79780340 79780340 79780340 79780340 79780340 79780340 79780340 79780340 79780340 79780340 79780340 79780340 79780340 79780340 79780340 79780340 79780340 79780340 79780340 79780340 79780340 
74767448 74767448 74767448 74767448 74767448 74767448 74767448 74767448 74767448 74767448 74767448 74767448 74767448 74767448 74767448 74767448 74767448 74767448 74767448 74767448 74767448 74767448 74767448 74767448 74767448 74767448 74767448 74767448 74767448 74767448 74767448 74767448 74767448 74767448 74767448 74767448 74767448 74767448 74767448 74767448 74767448 74767448 74767448 74767448 74767448 74767448 74767448 74767448 74767448 74767448 
72998192 72998192 72998192 72998192 72998192 72998192 72998192 72998192 72998192 72998192 72998192 72998192 72998192 72998192 72998192 72998192 72998192 72998192 72998192 72998192 72998192 72998192 72998192 72998192 72998192 72998192 72998192 72998192 72998192 72998192 72998192 72998192 72998192 72998192 72998192 72998192 72998192 72998192 72998192 72998192 72998192 72998192 72998192 72998192 72998192 72998192 72998192 72998192 72998192 72998192 
66084988 66084988 66084988 66084988 66084988 66084988 66084988 66084988 66084988 66084988 66084988 66084988 66084988 66084988 66084988 66084988 66084988 66084988 66084988 66084988 66084988 66084988 66084988 66084988 66084988 66084988 66084988 66084988 66084988 66084988 66084988 66084988 66084988 66084988 66084988 66084988 66084988 66084988 66084988 66084988 66084988 66084988 66084988 66084988 66084988 66084988 66084988 66084988 66084988 66084988 
75783132 75783132 75783132 75783132 75783132 75783132 75783132 75783132 75783132 75783132 75783132 75783132 75783132 75783132 75783132 75783132 75783132 75783132 75783132 75783132 75783132 75783132 75783132 75783132 75783132 75783132 75783132 75783132 75783132 75783132 75783132 75783132 75783132 75783132 75783132 75783132 75783132 75783132 75783132 75783132 75783132 75783132 75783132 75783132 75783132 75783132 75783132 75783132 75783132 75783132 
93344636 93344636 93344636 93344636 93344636 93344636 93344636 93344636 93344636 93344636 93344636 93344636 93344636 93344636 93344636 93344636 93344636 93344636 93344636 93344636 93344636 93344636 93344636 93344636 93344636 93344636 93344636 93344636 93344636 93344636 93344636 93344636 93344636 93344636 93344636 93344636 93344636 93344636 93344636 93344636 93344636 93344636 93344636 93344636 93344636 93344636 93344636 93344636 93344636 93344636 
69623500 69623500 69623500 69623500 69623500 69623500 69623500 69623500 69623500 69623500 69623500 69623500 69623500 69623500 69623500 69623500 69623500 69623500 69623500 69623500 69623500 69623500 69623500 69623500 69623500 69623500 69623500 69623500 69623500 69623500 69623500 69623500 69623500 69623500 69623500 69623500 69623500 69623500 69623500 69623500 69623500 69623500 69623500 69623500 69623500 69623500 69623500 69623500 69623500 69623500 
84072424 84072424 84072424 84072424 84072424 84072424 84072424 84072424 84072424 84072424 84072424 84072424 84072424 84072424 84072424 84072424 84072424 84072424 84072424 84072424 84072424 84072424 84072424 84072424 84072424 84072424 84072424 84072424 84072424 84072424 84072424 84072424 84072424 84072424 84072424 84072424 84072424 84072424 84072424 84072424 84072424 84072424 84072424 84072424 84072424 84072424 84072424 84072424 84072424 84072424 
76143536 76143536 76143536 76143536 76143536 76143536 76143536 76143536 76143536 76143536 76143536 76143536 76143536 76143536 76143536 76143536 76143536 76143536 76143536 76143536 76143536 76143536 76143536 76143536 76143536 76143536 76143536 76143536 76143536 76143536 76143536 76143536 76143536 76143536 76143536 76143536 76143536 76143536 76143536 76143536 76143536 76143536 76143536 76143536 76143536 76143536 76143536 76143536 76143536 76143536 
82565280 82565280 82565280 82565280 82565280 82565280 82565280 82565280 82565280 82565280 82565280 82565280 82565280 82565280 82565280 82565280 82565280 82565280 82565280 82565280 82565280 82565280 82565280 82565280 82565280 82565280 82565280 82565280 82565280 82565280 82565280 82565280 82565280 82565280 82565280 82565280 82565280 82565280 82565280 82565280 82565280 82565280 82565280 82565280 82565280 82565280 82565280 82565280 82565280 82565280 
85939972 85939972 85939972 85939972 85939972 85939972 85939972 85939972 85939972 85939972 85939972 85939972 85939972 85939972 85939972 85939972 85939972 85939972 85939972 85939972 85939972 85939972 85939972 85939972 85939972 85939972 85939972 85939972 85939972 85939972 85939972 85939972 85939972 85939972 85939972 85939972 85939972 85939972 85939972 85939972 85939972 85939972 85939972 85939972 85939972 85939972 85939972 85939972 85939972 85939972 
84563884 84563884 84563884 84563884 84563884 84563884 84563884 84563884 84563884 84563884 84563884 84563884 84563884 84563884 84563884 84563884 84563884 84563884 84563884 84563884 84563884 84563884 84563884 84563884 84563884 84563884 84563884 84563884 84563884 84563884 84563884 84563884 84563884 84563884 84563884 84563884 84563884 84563884 84563884 84563884 84563884 84563884 84563884 84563884 84563884 84563884 84563884 84563884 84563884 84563884 
77093692 77093692 77093692 77093692 77093692 77093692 77093692 77093692 77093692 77093692 77093692 77093692 77093692 77093692 77093692 77093692 77093692 77093692 77093692 77093692 77093692 77093692 77093692 77093692 77093692 77093692 77093692 77093692 77093692 77093692 77093692 77093692 77093692 77093692 77093692 77093692 77093692 77093692 77093692 77093692 77093692 77093692 77093692 77093692 77093692 77093692 77093692 77093692 77093692 77093692 
86628016 86628016 86628016 86628016 86628016 86628016 86628016 86628016 86628016 86628016 86628016 86628016 86628016 86628016 86628016 86628016 86628016 86628016 86628016 86628016 86628016 86628016 86628016 86628016 86628016 86628016 86628016 86628016 86628016 86628016 86628016 86628016 86628016 86628016 86628016 86628016 86628016 86628016 86628016 86628016 86628016 86628016 86628016 86628016 86628016 86628016 86628016 86628016 86628016 86628016 
86234848 86234848 86234848 86234848 86234848 86234848 86234848 86234848 86234848 86234848 86234848 86234848 86234848 86234848 86234848 86234848 86234848 86234848 86234848 86234848 86234848 86234848 86234848 86234848 86234848 86234848 86234848 86234848 86234848 86234848 86234848 86234848 86234848 86234848 86234848 86234848 86234848 86234848 86234848 86234848 86234848 86234848 86234848 86234848 86234848 86234848 86234848 86234848 86234848 86234848 
92951468 92951468 92951468 92951468 92951468 92951468 92951468 92951468 92951468 92951468 92951468 92951468 92951468 92951468 92951468 92951468 92951468 92951468 92951468 92951468 92951468 92951468 92951468 92951468 92951468 92951468 92951468 92951468 92951468 92951468 92951468 92951468 92951468 92951468 92951468 92951468 92951468 92951468 92951468 92951468 92951468 92951468 92951468 92951468 92951468 92951468 92951468 92951468 92951468 92951468 
90690752 90690752 90690752 90690752 90690752 90690752 90690752 90690752 90690752 90690752 90690752 90690752 90690752 90690752 90690752 90690752 90690752 90690752 90690752 90690752 90690752 90690752 90690752 90690752 90690752 90690752 90690752 90690752 90690752 90690752 90690752 90690752 90690752 90690752 90690752 90690752 90690752 90690752 90690752 90690752 90690752 90690752 90690752 90690752 90690752 90690752 90690752 90690752 90690752 90690752 
90985628 90985628 90985628 90985628 90985628 90985628 90985628 90985628 90985628 90985628 90985628 90985628 90985628 90985628 90985628 90985628 90985628 90985628 90985628 90985628 90985628 90985628 90985628 90985628 90985628 90985628 90985628 90985628 90985628 90985628 90985628 90985628 90985628 90985628 90985628 90985628 90985628 90985628 90985628 90985628 90985628 90985628 90985628 90985628 90985628 90985628 90985628 90985628 90985628 90985628 
81353012 81353012 81353012 81353012 81353012 81353012 81353012 81353012 81353012 81353012 81353012 81353012 81353012 81353012 81353012 81353012 81353012 81353012 81353012 81353012 81353012 81353012 81353012 81353012 81353012 81353012 81353012 81353012 81353012 81353012 81353012 81353012 81353012 81353012 81353012 81353012 81353012 81353012 81353012 81353012 81353012 81353012 81353012 81353012 81353012 81353012 81353012 81353012 81353012 81353012 
92558300 92558300 92558300 92558300 92558300 92558300 92558300 92558300 92558300 92558300 92558300 92558300 92558300 92558300 92558300 92558300 92558300 92558300 92558300 92558300 92558300 92558300 92558300 92558300 92558300 92558300 92558300 92558300 92558300 92558300 92558300 92558300 92558300 92558300 92558300 92558300 92558300 92558300 92558300 92558300 92558300 92558300 92558300 92558300 92558300 92558300 92558300 92558300 92558300 92558300 
89838888 89838888 89838888 89838888 89838888 89838888 89838888 89838888 89838888 89838888 89838888 89838888 89838888 89838888 89838888 89838888 89838888 89838888 89838888 89838888 89838888 89838888 89838888 89838888 89838888 89838888 89838888 89838888 89838888 89838888 89838888 89838888 89838888 89838888 89838888 89838888 89838888 89838888 89838888 89838888 89838888 89838888 89838888 89838888 89838888 89838888 89838888 89838888 89838888 89838888 
86988420 86988420 86988420 86988420 86988420 86988420 86988420 86988420 86988420 86988420 86988420 86988420 86988420 86988420 86988420 86988420 86988420 86988420 86988420 86988420 86988420 86988420 86988420 86988420 86988420 86988420 86988420 86988420 86988420 86988420 86988420 86988420 86988420 86988420 86988420 86988420 86988420 86988420 86988420 86988420 86988420 86988420 86988420 86988420 86988420 86988420 86988420 86988420 86988420 86988420 
84629412 84629412 84629412 84629412 84629412 84629412 84629412 84629412 84629412 84629412 84629412 84629412 84629412 84629412 84629412 84629412 84629412 84629412 84629412 84629412 84629412 84629412 84629412 84629412 84629412 84629412 84629412 84629412 84629412 84629412 84629412 84629412 84629412 84629412 84629412 84629412 84629412 84629412 84629412 84629412 84629412 84629412 84629412 84629412 84629412 84629412 84629412 84629412 84629412 84629412 
82565280 82565280 82565280 82565280 82565280 82565280 82565280 82565280 82565280 82565280 82565280 82565280 82565280 82565280 82565280 82565280 82565280 82565280 82565280 82565280 82565280 82565280 82565280 82565280 82565280 82565280 82565280 82565280 82565280 82565280 82565280 82565280 82565280 82565280 82565280 82565280 82565280 82565280 82565280 82565280 82565280 82565280 82565280 82565280 82565280 82565280 82565280 82565280 82565280 82565280 
91542616 91542616 91542616 91542616 91542616 91542616 91542616 91542616 91542616 91542616 91542616 91542616 91542616 91542616 91542616 91542616 91542616 91542616 91542616 91542616 91542616 91542616 91542616 91542616 91542616 91542616 91542616 91542616 91542616 91542616 91542616 91542616 91542616 91542616 91542616 91542616 91542616 91542616 91542616 91542616 91542616 91542616 91542616 91542616 91542616 91542616 91542616 91542616 91542616 91542616 
80796024 80796024 80796024 80796024 80796024 80796024 80796024 80796024 80796024 80796024 80796024 80796024 80796024 80796024 80796024 80796024 80796024 80796024 80796024 80796024 80796024 80796024 80796024 80796024 80796024 80796024 80796024 80796024 80796024 80796024 80796024 80796024 80796024 80796024 80796024 80796024 80796024 80796024 80796024 80796024 80796024 80796024 80796024 80796024 80796024 80796024 80796024 80796024 80796024 80796024 
73915584 73915584 73915584 73915584 73915584 73915584 73915584 73915584 73915584 73915584 73915584 73915584 73915584 73915584 73915584 73915584 73915584 73915584 73915584 73915584 73915584 73915584 73915584 73915584 73915584 73915584 73915584 73915584 73915584 73915584 73915584 73915584 73915584 73915584 73915584 73915584 73915584 73915584 73915584 73915584 73915584 73915584 73915584 73915584 73915584 73915584 73915584 73915584 73915584 73915584 
95572588 95572588 95572588 95572588 95572588 95572588 95572588 95572588 95572588 95572588 95572588 95572588 95572588 95572588 95572588 95572588 95572588 95572588 95572588 95572588 95572588 95572588 95572588 95572588 95572588 95572588 95572588 95572588 95572588 95572588 95572588 95572588 95572588 95572588 95572588 95572588 95572588 95572588 95572588 95572588 95572588 95572588 95572588 95572588 95572588 95572588 95572588 95572588 95572588 95572588 
81975528 81975528 81975528 81975528 81975528 81975528 81975528 81975528 81975528 81975528 81975528 81975528 81975528 81975528 81975528 81975528 81975528 81975528 81975528 81975528 81975528 81975528 81975528 81975528 81975528 81975528 81975528 81975528 81975528 81975528 81975528 81975528 81975528 81975528 81975528 81975528 81975528 81975528 81975528 81975528 81975528 81975528 81975528 81975528 81975528 81975528 81975528 81975528 81975528 81975528 
82663572 82663572 82663572 82663572 82663572 82663572 82663572 82663572 82663572 82663572 82663572 82663572 82663572 82663572 82663572 82663572 82663572 82663572 82663572 82663572 82663572 82663572 82663572 82663572 82663572 82663572 82663572 82663572 82663572 82663572 82663572 82663572 82663572 82663572 82663572 82663572 82663572 82663572 82663572 82663572 82663572 82663572 82663572 82663572 82663572 82663572 82663572 82663572 82663572 82663572 
83974132 83974132 83974132 83974132 83974132 83974132 83974132 83974132 83974132 83974132 83974132 83974132 83974132 83974132 83974132 83974132 83974132 83974132 83974132 83974132 83974132 83974132 83974132 83974132 83974132 83974132 83974132 83974132 83974132 83974132 83974132 83974132 83974132 83974132 83974132 83974132 83974132 83974132 83974132 83974132 83974132 83974132 83974132 83974132 83974132 83974132 83974132 83974132 83974132 83974132 
86726308 86726308 86726308 86726308 86726308 86726308 86726308 86726308 86726308 86726308 86726308 86726308 86726308 86726308 86726308 86726308 86726308 86726308 86726308 86726308 86726308 86726308 86726308 86726308 86726308 86726308 86726308 86726308 86726308 86726308 86726308 86726308 86726308 86726308 86726308 86726308 86726308 86726308 86726308 86726308 86726308 86726308 86726308 86726308 86726308 86726308 86726308 86726308 86726308 86726308 
86234848 86234848 86234848 86234848 86234848 86234848 86234848 86234848 86234848 86234848 86234848 86234848 86234848 86234848 86234848 86234848 86234848 86234848 86234848 86234848 86234848 86234848 86234848 86234848 86234848 86234848 86234848 86234848 86234848 86234848 86234848 86234848 86234848 86234848 86234848 86234848 86234848 86234848 86234848 86234848 86234848 86234848 86234848 86234848 86234848 86234848 86234848 86234848 86234848 86234848 
86005500 86005500 86005500 86005500 86005500 86005500 86005500 86005500 86005500 86005500 86005500 86005500 86005500 86005500 86005500 86005500 86005500 86005500 86005500 86005500 86005500 86005500 86005500 86005500 86005500 86005500 86005500 86005500 86005500 86005500 86005500 86005500 86005500 86005500 86005500 86005500 86005500 86005500 86005500 86005500 86005500 86005500 86005500 86005500 86005500 86005500 86005500 86005500 86005500 86005500 
93901624 93901624 93901624 93901624 93901624 93901624 93901624 93901624 93901624 93901624 93901624 93901624 93901624 93901624 93901624 93901624 93901624 93901624 93901624 93901624 93901624 93901624 93901624 93901624 93901624 93901624 93901624 93901624 93901624 93901624 93901624 93901624 93901624 93901624 93901624 93901624 93901624 93901624 93901624 93901624 93901624 93901624 93901624 93901624 93901624 93901624 93901624 93901624 93901624 93901624 
85153636 85153636 85153636 85153636 85153636 85153636 85153636 85153636 85153636 85153636 85153636 85153636 85153636 85153636 85153636 85153636 85153636 85153636 85153636 85153636 85153636 85153636 85153636 85153636 85153636 85153636 85153636 85153636 85153636 85153636 85153636 85153636 85153636 85153636 85153636 85153636 85153636 85153636 85153636 85153636 85153636 85153636 85153636 85153636 85153636 85153636 85153636 85153636 85153636 85153636 
