1834784 1834784 1834784 1834784 1834784 1834784 1834784 1834784 1834784 1834784 
1769256 1769256 1769256 1769256 1769256 1769256 1769256 1769256 1769256 1769256 
1605436 1605436 1605436 1605436 1605436 1605436 1605436 1605436 1605436 1605436 
1736492 1736492 1736492 1736492 1736492 1736492 1736492 1736492 1736492 1736492 
1277796 1277796 1277796 1277796 1277796 1277796 1277796 1277796 1277796 1277796 
1867548 1867548 1867548 1867548 1867548 1867548 1867548 1867548 1867548 1867548 
1769256 1769256 1769256 1769256 1769256 1769256 1769256 1769256 1769256 1769256 
1638200 1638200 1638200 1638200 1638200 1638200 1638200 1638200 1638200 1638200 
1343324 1343324 1343324 1343324 1343324 1343324 1343324 1343324 1343324 1343324 
1965840 1965840 1965840 1965840 1965840 1965840 1965840 1965840 1965840 1965840 
